NO_OF_FRAMES	3328
NO_OF_CAMERAS	8
NO_OF_BODIES	1
FREQUENCY	100
NO_OF_ANALOG	0
ANALOG_FREQUENCY	0
DESCRIPTION	--
TIME_STAMP	2022-08-04, 11:13:01.828	521586.74893000
DATA_INCLUDED	6D
BODY_NAMES	Drone
BODY_FILTERS	No filter
TRANSLATION_ORIGIN	Global	
ROTATION_ORIGIN	Global	
Frame	Time	Drone X	Y	Z	Roll	Pitch	Yaw	Residual	Rot[0]	Rot[1]	Rot[2]	Rot[3]	Rot[4]	Rot[5]	Rot[6]	Rot[7]	Rot[8]	
1050	10.49000	-51.35674	-940.03360	1279.81362	7.48291	10.33086	-16.95409	0.59438	0.94103	-0.26678	-0.20805	0.28688	0.95520	0.07272	0.17933	-0.12812	0.97541	
1051	10.50000	-50.40466	-945.26194	1279.80175	7.55335	10.24554	-16.79650	0.57063	0.94207	-0.26408	-0.20679	0.28437	0.95579	0.07489	0.17787	-0.12935	0.97552	
1052	10.51000	-49.33448	-950.40651	1279.75710	7.53758	10.10393	-16.56728	0.57485	0.94362	-0.26062	-0.20410	0.28072	0.95677	0.07614	0.17543	-0.12914	0.97598	
1053	10.52000	-48.15791	-955.58747	1279.65270	7.48291	10.08923	-16.41516	0.51580	0.94441	-0.25830	-0.20341	0.27823	0.95752	0.07584	0.17518	-0.12822	0.97615	
1054	10.53000	-46.76721	-960.88474	1279.37762	7.43710	9.98291	-16.22424	0.54865	0.94564	-0.25550	-0.20121	0.27517	0.95837	0.07626	0.17335	-0.12748	0.97657	
1055	10.54000	-45.26144	-966.14641	1278.95897	7.49311	9.97493	-15.96535	0.54240	0.94689	-0.25099	-0.20098	0.27090	0.95943	0.07814	0.17322	-0.12844	0.97647	
1056	10.55000	-43.63084	-971.38497	1278.52933	7.48907	9.82470	-15.79093	0.56681	0.94815	-0.24841	-0.19826	0.26814	0.96010	0.07938	0.17063	-0.12843	0.97693	
1057	10.56000	-41.89894	-976.68349	1277.98030	7.44032	9.73716	-15.63155	0.53072	0.94914	-0.24609	-0.19639	0.26557	0.96081	0.07952	0.16913	-0.12763	0.97730	
1058	10.57000	-40.07415	-981.92058	1277.39268	7.43254	9.73360	-15.42245	0.57108	0.95011	-0.24262	-0.19601	0.26211	0.96171	0.08012	0.16907	-0.12750	0.97732	
1059	10.58000	-38.19804	-987.01652	1276.89250	7.27251	9.63516	-15.26446	0.57725	0.95111	-0.24072	-0.19350	0.25956	0.96254	0.07841	0.16737	-0.12480	0.97796	
1060	10.59000	-36.05791	-992.14667	1276.34652	7.16804	9.63295	-15.18918	0.57925	0.95146	-0.23981	-0.19292	0.25831	0.96299	0.07692	0.16734	-0.12302	0.97819	
1061	10.60000	-33.89914	-997.23503	1275.71335	7.04687	9.57114	-15.00652	0.59023	0.95245	-0.23727	-0.19115	0.25532	0.96388	0.07577	0.16627	-0.12097	0.97863	
1062	10.61000	-31.60932	-1002.25637	1275.02930	6.88962	9.58100	-14.88330	0.59534	0.95297	-0.23570	-0.19051	0.25327	0.96460	0.07349	0.16644	-0.11828	0.97893	
1063	10.62000	-29.20493	-1007.20751	1274.46134	6.77423	9.42552	-14.91096	0.59037	0.95328	-0.23685	-0.18750	0.25384	0.96455	0.07214	0.16377	-0.11636	0.97961	
1064	10.63000	-26.69848	-1012.09978	1273.87017	6.70009	9.46398	-14.88575	0.58421	0.95329	-0.23660	-0.18780	0.25340	0.96477	0.07081	0.16443	-0.11508	0.97965	
1065	10.64000	-24.14981	-1016.88258	1273.51232	6.39810	9.50611	-14.79041	0.58031	0.95359	-0.23590	-0.18713	0.25178	0.96554	0.06585	0.16515	-0.10991	0.98013	
1066	10.65000	-21.41151	-1021.79010	1273.05197	6.18992	9.46733	-14.85974	0.57963	0.95339	-0.23782	-0.18571	0.25296	0.96547	0.06228	0.16449	-0.10636	0.98063	
1067	10.66000	-18.65446	-1026.71374	1272.62258	5.99174	9.52047	-14.85066	0.58450	0.95328	-0.23821	-0.18576	0.25277	0.96574	0.05874	0.16540	-0.10295	0.98084	
1068	10.67000	-15.78378	-1031.72435	1272.22608	5.75593	9.47001	-14.83224	0.59112	0.95351	-0.23875	-0.18392	0.25250	0.96603	0.05504	0.16453	-0.09892	0.98140	
1069	10.68000	-12.96703	-1036.67335	1271.85106	5.56540	9.47953	-14.88800	0.60629	0.95323	-0.24028	-0.18333	0.25342	0.96598	0.05161	0.16470	-0.09566	0.98169	
1070	10.69000	-9.91523	-1041.75687	1271.57073	5.53491	9.44933	-14.96041	0.58586	0.95300	-0.24165	-0.18277	0.25465	0.96569	0.05100	0.16418	-0.09514	0.98183	
1071	10.70000	-6.83802	-1046.88875	1271.38941	5.34395	9.43013	-14.92187	0.55043	0.95322	-0.24164	-0.18161	0.25402	0.96601	0.04799	0.16384	-0.09188	0.98220	
1072	10.71000	-3.65611	-1052.06947	1271.14572	5.05291	9.36468	-14.89049	0.54946	0.95354	-0.24212	-0.17928	0.25355	0.96635	0.04347	0.16272	-0.08690	0.98284	
1073	10.72000	-0.39968	-1057.37860	1270.98855	5.04153	9.31868	-14.86280	0.54417	0.95379	-0.24176	-0.17844	0.25312	0.96645	0.04356	0.16193	-0.08672	0.98299	
1074	10.73000	2.93413	-1062.70350	1270.90026	4.98716	9.25674	-14.82102	0.58321	0.95414	-0.24131	-0.17716	0.25247	0.96665	0.04305	0.16086	-0.08580	0.98324	
1075	10.74000	6.39148	-1068.06052	1270.83150	4.78949	9.10607	-14.72975	0.59008	0.95495	-0.24059	-0.17376	0.25106	0.96712	0.04065	0.15826	-0.08244	0.98395	
1076	10.75000	9.86640	-1073.54559	1270.68847	4.72092	9.16571	-14.67858	0.60171	0.95501	-0.23985	-0.17442	0.25016	0.96740	0.03939	0.15929	-0.08125	0.98388	
1077	10.76000	13.47609	-1079.06460	1270.61618	4.78645	9.19644	-14.69213	0.58468	0.95487	-0.23984	-0.17522	0.25037	0.96731	0.04032	0.15982	-0.08237	0.98370	
1078	10.77000	17.17749	-1084.57251	1270.64653	4.58418	9.09157	-14.57021	0.58855	0.95568	-0.23854	-0.17255	0.24841	0.96792	0.03773	0.15801	-0.07892	0.98428	
1079	10.78000	20.98276	-1090.15153	1270.63930	4.50692	9.01256	-14.56927	0.58936	0.95590	-0.23886	-0.17091	0.24844	0.96795	0.03677	0.15665	-0.07761	0.98460	
1080	10.79000	24.89152	-1095.64513	1270.69345	4.48428	9.05948	-14.49191	0.55962	0.95611	-0.23756	-0.17155	0.24712	0.96830	0.03642	0.15746	-0.07721	0.98450	
1081	10.80000	28.77853	-1101.14562	1270.75766	4.36479	9.13232	-14.37783	0.57999	0.95640	-0.23589	-0.17220	0.24517	0.96887	0.03443	0.15872	-0.07514	0.98446	
1082	10.81000	32.84876	-1106.69132	1270.88523	4.33758	9.02635	-14.38850	0.58982	0.95664	-0.23629	-0.17033	0.24542	0.96881	0.03439	0.15689	-0.07470	0.98479	
1083	10.82000	36.93778	-1112.19723	1270.96927	4.14794	9.01803	-14.39303	0.58618	0.95664	-0.23694	-0.16941	0.24550	0.96889	0.03120	0.15675	-0.07144	0.98505	
1084	10.83000	41.23292	-1117.72454	1270.98737	4.08185	9.01961	-14.32957	0.56571	0.95691	-0.23606	-0.16913	0.24444	0.96919	0.03026	0.15677	-0.07030	0.98513	
1085	10.84000	45.65873	-1123.14908	1271.09299	4.05428	9.00358	-14.36577	0.55958	0.95680	-0.23677	-0.16877	0.24505	0.96905	0.02976	0.15650	-0.06983	0.98521	
1086	10.85000	50.20979	-1128.60223	1271.05046	3.90218	9.00127	-14.35625	0.58712	0.95684	-0.23706	-0.16809	0.24490	0.96917	0.02722	0.15646	-0.06722	0.98540	
1087	10.86000	54.87144	-1133.93454	1271.12673	3.69421	9.12016	-14.29490	0.60718	0.95679	-0.23650	-0.16919	0.24379	0.96955	0.02338	0.15851	-0.06362	0.98531	
1088	10.87000	59.68851	-1139.26244	1271.05246	3.54620	9.19345	-14.37671	0.57362	0.95624	-0.23825	-0.16983	0.24511	0.96928	0.02032	0.15977	-0.06106	0.98526	
1089	10.88000	64.59195	-1144.50734	1270.88516	3.40892	9.13732	-14.44647	0.56989	0.95609	-0.23989	-0.16834	0.24631	0.96902	0.01803	0.15880	-0.05871	0.98556	
1090	10.89000	69.63138	-1149.76053	1270.83570	3.28547	9.18969	-14.47336	0.57558	0.95584	-0.24066	-0.16870	0.24672	0.96896	0.01564	0.15970	-0.05658	0.98554	
1091	10.90000	74.76245	-1155.01019	1270.79781	3.02816	9.31622	-14.50683	0.55531	0.95535	-0.24187	-0.16974	0.24719	0.96891	0.01065	0.16188	-0.05213	0.98543	
1092	10.91000	79.92932	-1160.16622	1270.80851	2.89474	9.30827	-14.53150	0.56326	0.95526	-0.24268	-0.16904	0.24761	0.96882	0.00835	0.16175	-0.04984	0.98557	
1093	10.92000	85.16260	-1165.43775	1270.72207	2.73692	9.32835	-14.54010	0.56803	0.95517	-0.24328	-0.16871	0.24774	0.96881	0.00557	0.16209	-0.04712	0.98565	
1094	10.93000	90.37218	-1170.74542	1270.59046	2.58841	9.39514	-14.69511	0.56632	0.95431	-0.24629	-0.16920	0.25027	0.96817	0.00232	0.16324	-0.04456	0.98558	
1095	10.94000	95.66975	-1175.97337	1270.45230	2.51214	9.22525	-14.72276	0.58976	0.95466	-0.24710	-0.16604	0.25086	0.96802	0.00169	0.16032	-0.04326	0.98612	
1096	10.95000	101.01507	-1181.13457	1270.31172	2.29109	9.09074	-14.82056	0.58292	0.95459	-0.24948	-0.16285	0.25258	0.96757	-0.00174	0.15800	-0.03947	0.98665	
1097	10.96000	106.40624	-1186.32760	1270.15499	2.12387	9.05974	-14.92699	0.57721	0.95420	-0.25177	-0.16159	0.25437	0.96709	-0.00472	0.15746	-0.03660	0.98685	
1098	10.97000	111.92148	-1191.43721	1270.05650	1.96512	8.94217	-14.92796	0.60077	0.95451	-0.25230	-0.15894	0.25447	0.96706	-0.00688	0.15544	-0.03387	0.98726	
1099	10.98000	117.54113	-1196.62071	1269.94563	1.84973	8.99773	-15.06035	0.55908	0.95377	-0.25483	-0.15933	0.25664	0.96646	-0.00945	0.15640	-0.03188	0.98718	
1100	10.99000	123.29932	-1201.60362	1269.77992	1.69201	8.81297	-15.20631	0.55929	0.95359	-0.25782	-0.15553	0.25920	0.96575	-0.01168	0.15321	-0.02918	0.98776	
1101	11.00000	129.30793	-1206.61150	1269.49101	1.52709	8.81753	-15.26712	0.56697	0.95331	-0.25929	-0.15484	0.26021	0.96544	-0.01464	0.15329	-0.02633	0.98783	
1102	11.01000	135.32656	-1211.64584	1269.06873	1.47440	8.71642	-15.41665	0.55188	0.95288	-0.26199	-0.15288	0.26277	0.96474	-0.01547	0.15154	-0.02543	0.98812	
1103	11.02000	141.64720	-1216.65560	1268.67337	1.35074	8.74895	-15.45962	0.57589	0.95260	-0.26303	-0.15284	0.26346	0.96451	-0.01781	0.15211	-0.02330	0.98809	
1104	11.03000	148.10524	-1221.70628	1268.35830	1.39427	8.58294	-15.62477	0.52853	0.95226	-0.26576	-0.15024	0.26632	0.96374	-0.01675	0.14924	-0.02406	0.98851	
1105	11.04000	154.70374	-1226.66910	1267.92099	1.26873	8.60668	-15.66321	0.50209	0.95202	-0.26673	-0.15004	0.26694	0.96352	-0.01907	0.14965	-0.02189	0.98850	
1106	11.05000	161.41412	-1231.64107	1267.35728	1.19462	8.61176	-15.75469	0.51469	0.95158	-0.26846	-0.14974	0.26846	0.96307	-0.02058	0.14974	-0.02061	0.98851	
1107	11.06000	168.33865	-1236.47989	1266.72214	0.94514	8.63573	-15.78261	0.59432	0.95139	-0.26957	-0.14896	0.26890	0.96284	-0.02496	0.15015	-0.01631	0.98853	
1108	11.07000	175.43328	-1241.48939	1266.12759	1.11428	8.56191	-15.88014	0.53665	0.95112	-0.27079	-0.14849	0.27058	0.96245	-0.02202	0.14888	-0.01923	0.98867	
1109	11.08000	182.66681	-1246.42574	1265.56445	0.98304	8.59477	-15.93483	0.51510	0.95078	-0.27204	-0.14839	0.27146	0.96214	-0.02453	0.14945	-0.01696	0.98862	
1110	11.09000	190.05383	-1251.25505	1265.00495	0.99909	8.73104	-16.01383	0.51069	0.95006	-0.27328	-0.15069	0.27267	0.96178	-0.02511	0.15180	-0.01723	0.98826	
1111	11.10000	197.54091	-1256.15051	1264.50010	1.02328	8.95803	-16.09790	0.50166	0.94907	-0.27456	-0.15453	0.27390	0.96141	-0.02601	0.15571	-0.01764	0.98765	
1112	11.11000	205.13362	-1261.05356	1263.89965	0.94762	8.82760	-16.11698	0.52413	0.94932	-0.27512	-0.15200	0.27431	0.96127	-0.02671	0.15346	-0.01634	0.98802	
1113	11.12000	212.84211	-1265.95205	1263.24264	1.10224	8.95061	-16.16166	0.52539	0.94878	-0.27542	-0.15476	0.27496	0.96114	-0.02482	0.15558	-0.01900	0.98764	
1114	11.13000	220.69664	-1270.85025	1262.73331	0.97635	8.97890	-16.23658	0.55200	0.94835	-0.27701	-0.15459	0.27618	0.96072	-0.02727	0.15607	-0.01683	0.98760	
1115	11.14000	228.59237	-1275.73637	1262.25483	1.00597	9.02223	-16.26759	0.55984	0.94809	-0.27744	-0.15543	0.27666	0.96059	-0.02707	0.15682	-0.01734	0.98748	
1116	11.15000	236.47907	-1280.58642	1261.88510	1.01251	9.14616	-16.37011	0.54623	0.94726	-0.27910	-0.15747	0.27826	0.96010	-0.02784	0.15895	-0.01745	0.98713	
1117	11.16000	244.45454	-1285.39842	1261.69225	1.06216	9.16206	-16.44787	0.51095	0.94684	-0.28026	-0.15793	0.27953	0.95975	-0.02730	0.15923	-0.01830	0.98707	
1118	11.17000	252.51890	-1290.13907	1261.58812	1.05163	9.20460	-16.48743	0.53212	0.94653	-0.28094	-0.15857	0.28015	0.95955	-0.02779	0.15996	-0.01812	0.98696	
1119	11.18000	260.65644	-1294.97681	1261.46284	1.02350	9.25328	-16.56955	0.51113	0.94600	-0.28238	-0.15919	0.28147	0.95914	-0.02873	0.16080	-0.01763	0.98683	
1120	11.19000	268.83492	-1299.81562	1261.55232	1.02227	9.24108	-16.62670	0.52635	0.94575	-0.28334	-0.15896	0.28242	0.95886	-0.02885	0.16059	-0.01761	0.98686	
1121	11.20000	277.12742	-1304.66909	1261.75817	1.09629	9.31282	-16.70910	0.50119	0.94515	-0.28449	-0.16046	0.28372	0.95849	-0.02819	0.16182	-0.01888	0.98664	
1122	11.21000	285.50284	-1309.45874	1262.13918	1.07998	9.27507	-16.79851	0.52273	0.94481	-0.28605	-0.15972	0.28523	0.95803	-0.02853	0.16117	-0.01860	0.98675	
1123	11.22000	293.91058	-1314.24120	1262.71401	1.09273	9.32214	-16.89269	0.51464	0.94421	-0.28757	-0.16051	0.28674	0.95757	-0.02881	0.16199	-0.01882	0.98661	
1124	11.23000	302.32614	-1319.13547	1263.52333	0.99784	9.27779	-16.93968	0.52072	0.94410	-0.28863	-0.15928	0.28755	0.95728	-0.03031	0.16122	-0.01719	0.98677	
1125	11.24000	310.58788	-1324.07743	1264.54042	1.05778	9.33659	-17.05482	0.54205	0.94336	-0.29037	-0.16049	0.28940	0.95674	-0.02992	0.16223	-0.01822	0.98658	
1126	11.25000	318.67297	-1329.11447	1265.73650	1.11968	9.38832	-17.17901	0.50988	0.94259	-0.29226	-0.16159	0.29140	0.95615	-0.02950	0.16312	-0.01928	0.98642	
1127	11.26000	326.60273	-1334.17569	1267.25094	1.12095	9.16463	-17.29204	0.52700	0.94261	-0.29421	-0.15786	0.29345	0.95555	-0.02865	0.15927	-0.01931	0.98705	
1128	11.27000	334.39051	-1339.32385	1269.00225	1.09689	8.91558	-17.49253	0.52052	0.94223	-0.29770	-0.15354	0.29695	0.95447	-0.02832	0.15498	-0.01891	0.98774	
1129	11.28000	342.24114	-1344.48534	1270.98774	1.03617	8.72979	-17.65060	0.51995	0.94188	-0.30055	-0.15009	0.29970	0.95360	-0.02878	0.15177	-0.01787	0.98825	
1130	11.29000	350.11102	-1349.66039	1273.06105	1.01421	8.47376	-17.77884	0.49453	0.94185	-0.30281	-0.14570	0.30201	0.95289	-0.02813	0.14736	-0.01751	0.98893	
1131	11.30000	358.11762	-1354.91390	1275.33026	1.03530	8.28395	-17.93674	0.52232	0.94147	-0.30544	-0.14262	0.30475	0.95204	-0.02717	0.14408	-0.01788	0.98940	
1132	11.31000	366.26713	-1360.09670	1277.64186	1.04788	8.09599	-18.13276	0.53688	0.94087	-0.30872	-0.13951	0.30812	0.95098	-0.02644	0.14083	-0.01811	0.98987	
1133	11.32000	374.44562	-1365.30749	1280.14692	1.01197	7.90857	-18.25565	0.51725	0.94064	-0.31090	-0.13618	0.31028	0.95028	-0.02632	0.13759	-0.01749	0.99033	
1134	11.33000	382.84781	-1370.48727	1282.78519	1.09055	7.87509	-18.40153	0.52147	0.93992	-0.31314	-0.13599	0.31270	0.94952	-0.02518	0.13701	-0.01885	0.99039	
1135	11.34000	391.45211	-1375.70996	1285.55623	0.95817	7.75308	-18.43995	0.51197	0.93998	-0.31413	-0.13325	0.31342	0.94924	-0.02680	0.13490	-0.01657	0.99072	
1136	11.35000	400.12659	-1380.92581	1288.46870	1.03009	7.80779	-18.58430	0.54638	0.93907	-0.31633	-0.13447	0.31575	0.94848	-0.02625	0.13585	-0.01781	0.99057	
1137	11.36000	408.73888	-1385.99636	1291.50638	0.92774	7.81204	-18.71003	0.52910	0.93836	-0.31865	-0.13392	0.31780	0.94774	-0.02826	0.13592	-0.01604	0.99059	
1138	11.37000	417.27632	-1391.14077	1294.60896	0.94998	7.76006	-18.81053	0.55300	0.93792	-0.32028	-0.13314	0.31949	0.94718	-0.02784	0.13502	-0.01643	0.99071	
1139	11.38000	425.40398	-1396.23407	1297.77396	0.76606	7.77979	-18.68644	0.50277	0.93857	-0.31865	-0.13250	0.31744	0.94778	-0.03070	0.13537	-0.01325	0.99071	
1140	11.39000	433.93394	-1401.23895	1301.15710	0.75594	7.57332	-18.96273	0.53886	0.93748	-0.32328	-0.12892	0.32212	0.94621	-0.03035	0.13179	-0.01308	0.99119	
1141	11.40000	442.17916	-1406.20770	1304.63169	0.65808	7.38220	-19.01942	0.54283	0.93757	-0.32447	-0.12521	0.32319	0.94583	-0.03101	0.12849	-0.01139	0.99165	
1142	11.41000	450.45684	-1411.14787	1308.07728	0.52961	7.26628	-19.10319	0.53894	0.93734	-0.32615	-0.12254	0.32464	0.94527	-0.03266	0.12648	-0.00917	0.99193	
1143	11.42000	458.77451	-1415.91146	1311.61834	0.39580	7.21925	-19.20884	0.54532	0.93684	-0.32818	-0.12094	0.32640	0.94459	-0.03482	0.12567	-0.00685	0.99205	
1144	11.43000	467.09882	-1420.56219	1315.08575	0.28041	7.02191	-19.23394	0.53139	0.93710	-0.32886	-0.11704	0.32696	0.94437	-0.03565	0.12225	-0.00486	0.99249	
1145	11.44000	475.34028	-1425.11615	1318.47731	0.19253	7.20365	-19.15883	0.54694	0.93716	-0.32779	-0.11955	0.32560	0.94475	-0.03798	0.12540	-0.00333	0.99210	
1146	11.45000	483.69757	-1429.67967	1322.01225	-0.08912	6.72575	-19.36717	0.52357	0.93692	-0.33179	-0.10997	0.32934	0.94335	-0.04031	0.11712	0.00154	0.99312	
1147	11.46000	491.62822	-1434.04606	1325.41035	-0.42659	6.67526	-19.20534	0.49781	0.93794	-0.32976	-0.10732	0.32672	0.94403	-0.04527	0.11624	0.00739	0.99319	
1148	11.47000	500.15704	-1438.23346	1328.90430	-0.49317	6.42066	-19.40213	0.56770	0.93729	-0.33309	-0.10261	0.33011	0.94286	-0.04527	0.11183	0.00855	0.99369	
1149	11.48000	508.39666	-1442.26906	1332.04959	-0.69232	6.38325	-19.24755	0.54851	0.93825	-0.33089	-0.10097	0.32761	0.94359	-0.04805	0.11118	0.01201	0.99373	
1150	11.49000	516.75487	-1446.14451	1335.18626	-0.96771	6.29595	-19.24082	0.60128	0.93845	-0.33124	-0.09796	0.32755	0.94340	-0.05208	0.10966	0.01679	0.99383	
1151	11.50000	525.00699	-1450.08536	1338.32520	-1.44847	5.92342	-19.15181	0.49323	0.93961	-0.33043	-0.08916	0.32632	0.94349	-0.05772	0.10320	0.02514	0.99434	
1152	11.51000	533.76128	-1453.63687	1341.26678	-1.42407	5.87677	-19.25844	0.58827	0.93908	-0.33213	-0.08843	0.32810	0.94291	-0.05722	0.10239	0.02472	0.99444	
1153	11.52000	542.40522	-1457.29961	1344.08803	-1.81504	5.45458	-19.34599	0.52712	0.93926	-0.33395	-0.07915	0.32977	0.94206	-0.06136	0.09506	0.03153	0.99497	
1154	11.53000	551.12579	-1460.66272	1346.85161	-2.18039	5.29218	-19.26755	0.52506	0.93996	-0.33305	-0.07445	0.32857	0.94215	-0.06633	0.09223	0.03788	0.99502	
1155	11.54000	559.89632	-1463.96744	1349.32498	-2.41761	5.16964	-19.27230	0.53008	0.94012	-0.33335	-0.07106	0.32872	0.94187	-0.06953	0.09010	0.04201	0.99505	
1156	11.55000	568.55689	-1467.05802	1351.67343	-2.93843	5.03188	-19.10675	0.47662	0.94127	-0.33115	-0.06599	0.32607	0.94220	-0.07711	0.08771	0.05107	0.99484	
1157	11.56000	577.31729	-1470.01074	1353.81300	-3.27354	4.89817	-18.89106	0.46622	0.94268	-0.32785	-0.06217	0.32259	0.94301	-0.08163	0.08539	0.05689	0.99472	
1158	11.57000	586.37571	-1472.91189	1355.99126	-3.33975	4.55241	-19.03755	0.54068	0.94232	-0.33000	-0.05590	0.32516	0.94219	-0.08092	0.07937	0.05807	0.99515	
1159	11.58000	595.20272	-1475.65217	1357.98890	-3.67045	4.37894	-19.03230	0.53586	0.94258	-0.33005	-0.05115	0.32515	0.94180	-0.08537	0.07635	0.06383	0.99504	
1160	11.59000	603.77975	-1478.27731	1359.85100	-4.32754	4.26866	-18.72635	0.46955	0.94444	-0.32545	-0.04607	0.32016	0.94256	-0.09529	0.07443	0.07525	0.99438	
1161	11.60000	612.92052	-1480.77309	1361.67143	-4.31996	3.95389	-18.86672	0.51954	0.94402	-0.32736	-0.04071	0.32260	0.94191	-0.09351	0.06895	0.07515	0.99479	
1162	11.61000	621.88667	-1483.25121	1363.21836	-4.62386	3.69423	-18.81809	0.53250	0.94458	-0.32643	-0.03479	0.32189	0.94179	-0.09702	0.06443	0.08045	0.99467	
1163	11.62000	630.66509	-1485.62175	1364.40811	-5.18792	3.53140	-18.50523	0.44832	0.94649	-0.32137	-0.02947	0.31679	0.94264	-0.10522	0.06160	0.09025	0.99401	
1164	11.63000	640.18594	-1487.92542	1365.68656	-5.26967	3.22902	-18.65251	0.51939	0.94597	-0.32338	-0.02377	0.31932	0.94182	-0.10496	0.05633	0.09170	0.99419	
1165	11.64000	649.15149	-1490.16063	1366.60826	-5.75194	3.11276	-18.23200	0.45743	0.94840	-0.31646	-0.01996	0.31240	0.94331	-0.11209	0.05430	0.10007	0.99350	
1166	11.65000	658.89212	-1492.38856	1367.63526	-5.83986	2.76088	-18.42707	0.51835	0.94763	-0.31911	-0.01330	0.31573	0.94225	-0.11168	0.04817	0.10163	0.99366	
1167	11.66000	668.16595	-1494.48469	1368.32608	-6.20957	2.64295	-18.10592	0.47865	0.94947	-0.31369	-0.00996	0.31044	0.94336	-0.11706	0.04611	0.10805	0.99308	
1168	11.67000	678.04105	-1496.59867	1369.11662	-6.25964	2.43401	-18.18316	0.49268	0.94921	-0.31459	-0.00608	0.31177	0.94295	-0.11676	0.04247	0.10894	0.99314	
1169	11.68000	687.88269	-1498.67422	1369.62391	-6.45142	2.26961	-17.99904	0.51691	0.95032	-0.31128	-0.00271	0.30876	0.94366	-0.11902	0.03960	0.11227	0.99289	
1170	11.69000	697.88214	-1500.77447	1369.94380	-6.66461	2.10584	-17.85441	0.53486	0.95120	-0.30859	0.00084	0.30639	0.94410	-0.12166	0.03675	0.11598	0.99257	
1171	11.70000	708.08717	-1502.84399	1370.10210	-6.82307	1.91088	-17.67536	0.51787	0.95226	-0.30525	0.00453	0.30345	0.94484	-0.12325	0.03335	0.11874	0.99237	
1172	11.71000	718.45630	-1504.96490	1370.28975	-6.97468	1.74992	-17.48631	0.50966	0.95334	-0.30179	0.00758	0.30034	0.94562	-0.12493	0.03054	0.12137	0.99214	
1173	11.72000	728.99437	-1507.07689	1370.38879	-7.09996	1.58830	-17.29630	0.51535	0.95441	-0.29830	0.01049	0.29720	0.94644	-0.12619	0.02772	0.12355	0.99195	
1174	11.73000	739.65967	-1509.26184	1370.37899	-7.25433	1.49001	-17.09793	0.52709	0.95548	-0.29479	0.01247	0.29391	0.94719	-0.12828	0.02600	0.12623	0.99166	
1175	11.74000	750.47473	-1511.55291	1370.16019	-7.37925	1.40323	-16.87971	0.54919	0.95663	-0.29097	0.01405	0.29028	0.94808	-0.12995	0.02449	0.12840	0.99142	
1176	11.75000	761.43531	-1513.72534	1369.88886	-7.44312	1.24821	-16.66854	0.51830	0.95775	-0.28712	0.01646	0.28677	0.94910	-0.13029	0.02178	0.12951	0.99134	
1177	11.76000	772.59311	-1516.09040	1369.74545	-7.56330	1.12181	-16.66535	0.49819	0.95781	-0.28675	0.01915	0.28673	0.94892	-0.13166	0.01958	0.13160	0.99111	
1178	11.77000	783.87726	-1518.33782	1369.56566	-7.62932	1.07327	-16.48672	0.45020	0.95872	-0.28367	0.01988	0.28374	0.94969	-0.13257	0.01873	0.13274	0.99097	
1179	11.78000	795.32970	-1520.35590	1369.34516	-7.72354	1.13687	-16.14310	0.55993	0.96038	-0.27808	0.01848	0.27798	0.95111	-0.13456	0.01984	0.13437	0.99073	
1180	11.79000	806.74735	-1522.56985	1369.15408	-7.84839	1.06749	-16.06008	0.54925	0.96081	-0.27650	0.02004	0.27660	0.95127	-0.13633	0.01863	0.13653	0.99046	
1181	11.80000	818.26628	-1524.83306	1368.97307	-7.88761	0.90694	-15.96797	0.55985	0.96130	-0.27459	0.02268	0.27507	0.95172	-0.13625	0.01583	0.13721	0.99042	
1182	11.81000	829.81758	-1527.00288	1368.77833	-8.00531	0.80739	-15.90803	0.55270	0.96161	-0.27331	0.02475	0.27407	0.95179	-0.13776	0.01409	0.13925	0.99016	
1183	11.82000	841.48327	-1529.15234	1368.72644	-8.12429	0.72622	-15.91903	0.53488	0.96157	-0.27325	0.02670	0.27426	0.95151	-0.13934	0.01267	0.14131	0.98988	
1184	11.83000	853.23774	-1531.19463	1368.74003	-8.27779	0.60613	-15.89068	0.55226	0.96173	-0.27242	0.02935	0.27379	0.95135	-0.14134	0.01058	0.14396	0.98953	
1185	11.84000	865.07560	-1533.17885	1368.84580	-8.41821	0.52134	-15.92769	0.53673	0.96157	-0.27275	0.03152	0.27441	0.95088	-0.14325	0.00910	0.14639	0.98918	
1186	11.85000	876.94458	-1535.10714	1369.00138	-8.54085	0.38255	-15.94035	0.50850	0.96153	-0.27254	0.03444	0.27463	0.95061	-0.14462	0.00668	0.14851	0.98889	
1187	11.86000	888.91816	-1537.00224	1369.26769	-8.70640	0.36792	-15.95916	0.54472	0.96144	-0.27272	0.03552	0.27495	0.95011	-0.14728	0.00642	0.15137	0.98846	
1188	11.87000	900.89224	-1538.84510	1369.55819	-8.77619	0.34971	-16.04273	0.55296	0.96104	-0.27401	0.03637	0.27635	0.94955	-0.14830	0.00610	0.15257	0.98827	
1189	11.88000	912.81560	-1540.79944	1370.09093	-8.81937	0.24961	-16.24516	0.48334	0.96006	-0.27708	0.03876	0.27975	0.94854	-0.14840	0.00436	0.15332	0.98817	
1190	11.89000	924.76099	-1542.59185	1370.84300	-8.93684	0.18290	-16.25642	0.51027	0.96001	-0.27701	0.04046	0.27994	0.94823	-0.15002	0.00319	0.15534	0.98786	
1191	11.90000	936.54478	-1544.12743	1371.63727	-8.98933	0.20028	-16.16456	0.58749	0.96046	-0.27550	0.04018	0.27840	0.94852	-0.15103	0.00350	0.15625	0.98771	
1192	11.91000	948.28766	-1545.85023	1372.61278	-9.06608	0.15306	-16.28378	0.56085	0.95988	-0.27730	0.04165	0.28039	0.94778	-0.15199	0.00267	0.15757	0.98750	
1193	11.92000	959.88108	-1547.65217	1373.72075	-9.12723	-0.04257	-16.40197	0.55957	0.95930	-0.27869	0.04550	0.28237	0.94719	-0.15196	-0.00074	0.15863	0.98734	
1194	11.93000	971.34968	-1549.35846	1374.83487	-9.11148	-0.13060	-16.40400	0.55873	0.95929	-0.27850	0.04688	0.28241	0.94729	-0.15127	-0.00228	0.15836	0.98738	
1195	11.94000	982.78775	-1551.04812	1376.11125	-9.07193	-0.28601	-16.53594	0.58384	0.95863	-0.28030	0.04960	0.28461	0.94687	-0.14975	-0.00499	0.15767	0.98748	
1196	11.95000	994.13236	-1552.94269	1377.59403	-9.06918	-0.52320	-16.74810	0.51711	0.95754	-0.28318	0.05406	0.28815	0.94602	-0.14834	-0.00913	0.15762	0.98746	
1197	11.96000	1005.51930	-1554.31573	1379.09731	-9.01171	-0.46137	-16.67933	0.57882	0.95790	-0.28226	0.05258	0.28701	0.94646	-0.14776	-0.00805	0.15663	0.98762	
1198	11.97000	1016.84939	-1555.79242	1380.74960	-8.92747	-0.55502	-16.61883	0.61413	0.95818	-0.28110	0.05355	0.28599	0.94705	-0.14596	-0.00969	0.15518	0.98784	
1199	11.98000	1028.05283	-1557.47632	1382.50546	-8.79018	-0.78977	-16.85177	0.51448	0.95697	-0.28448	0.05734	0.28987	0.94643	-0.14231	-0.01378	0.15280	0.98816	
1200	11.99000	1039.29761	-1558.87572	1384.26345	-8.70992	-1.01474	-16.94082	0.48299	0.95646	-0.28546	0.06087	0.29134	0.94636	-0.13976	-0.01771	0.15141	0.98831	
1201	12.00000	1050.57501	-1560.12984	1385.98553	-8.61288	-0.99767	-17.07675	0.54952	0.95577	-0.28785	0.06043	0.29361	0.94590	-0.13810	-0.01741	0.14973	0.98857	
1202	12.01000	1062.00079	-1561.33375	1387.70511	-8.53376	-1.12113	-17.07411	0.55465	0.95574	-0.28758	0.06207	0.29355	0.94619	-0.13617	-0.01957	0.14836	0.98874	
1203	12.02000	1073.33914	-1562.40146	1389.49452	-8.40465	-1.23895	-17.11548	0.53315	0.95549	-0.28812	0.06346	0.29423	0.94638	-0.13340	-0.02162	0.14613	0.98903	
1204	12.03000	1084.64177	-1563.37004	1391.40049	-8.27654	-1.13176	-17.47844	0.70467	0.95364	-0.29451	0.06188	0.30029	0.94475	-0.13143	-0.01975	0.14392	0.98939	
1205	12.04000	1096.01296	-1564.18686	1393.17047	-8.26387	-1.06274	-17.59001	0.78623	0.95308	-0.29652	0.06093	0.30215	0.94415	-0.13146	-0.01855	0.14371	0.98945	
1206	12.05000	1107.83641	-1565.03672	1394.89781	-7.99924	-1.24109	-17.28207	0.57208	0.95463	-0.29131	0.06182	0.29701	0.94646	-0.12651	-0.02166	0.13913	0.99004	
1207	12.06000	1119.27231	-1565.71748	1396.76768	-7.78103	-1.30509	-17.42322	0.60136	0.95387	-0.29373	0.06207	0.29935	0.94626	-0.12242	-0.02278	0.13535	0.99054	
1208	12.07000	1130.90057	-1566.39374	1398.60718	-7.62945	-1.30490	-17.25075	0.50715	0.95477	-0.29104	0.06093	0.29648	0.94746	-0.12010	-0.02277	0.13273	0.99089	
1209	12.08000	1142.27965	-1566.87180	1400.44436	-7.55543	-1.39101	-17.28164	0.50752	0.95457	-0.29144	0.06204	0.29698	0.94751	-0.11840	-0.02428	0.13145	0.99103	
1210	12.09000	1153.60324	-1567.21537	1402.25792	-7.37912	-1.46505	-17.30890	0.50840	0.95440	-0.29192	0.06242	0.29743	0.94778	-0.11507	-0.02557	0.12839	0.99139	
1211	12.10000	1164.84210	-1567.49299	1404.05943	-7.17352	-1.53293	-17.32709	0.52301	0.95428	-0.29231	0.06253	0.29772	0.94814	-0.11130	-0.02675	0.12483	0.99182	
1212	12.11000	1176.09059	-1567.69038	1405.85636	-7.05643	-1.54705	-17.40747	0.52047	0.95385	-0.29373	0.06232	0.29906	0.94797	-0.10921	-0.02700	0.12280	0.99206	
1213	12.12000	1187.28662	-1567.82810	1407.55239	-6.92175	-1.65512	-17.42534	0.50879	0.95371	-0.29396	0.06345	0.29934	0.94820	-0.10640	-0.02888	0.12046	0.99230	
1214	12.13000	1198.29924	-1567.79565	1409.27100	-6.75994	-1.71369	-17.52090	0.45393	0.95318	-0.29560	0.06376	0.30092	0.94804	-0.10331	-0.02991	0.11766	0.99260	
1215	12.14000	1209.51223	-1567.68143	1410.95020	-6.70464	-1.76716	-17.49530	0.51809	0.95329	-0.29514	0.06431	0.30048	0.94830	-0.10214	-0.03084	0.11670	0.99269	
1216	12.15000	1220.36545	-1567.40365	1412.50435	-6.52331	-1.90232	-17.62830	0.43345	0.95252	-0.29729	0.06584	0.30267	0.94801	-0.09828	-0.03320	0.11354	0.99298	
1217	12.16000	1231.27912	-1567.09257	1414.14449	-6.40579	-1.95536	-17.70976	0.42467	0.95205	-0.29867	0.06624	0.30402	0.94782	-0.09597	-0.03412	0.11150	0.99318	
1218	12.17000	1242.10252	-1566.70262	1415.62383	-6.35793	-2.13653	-17.74000	0.46607	0.95179	-0.29889	0.06903	0.30449	0.94785	-0.09418	-0.03728	0.11066	0.99316	
1219	12.18000	1252.86262	-1566.15328	1417.05865	-6.22435	-2.26900	-17.83559	0.44121	0.95119	-0.30039	0.07067	0.30605	0.94764	-0.09116	-0.03959	0.10834	0.99333	
1220	12.19000	1263.55270	-1565.54278	1418.48651	-6.15282	-2.42629	-17.87082	0.46410	0.95090	-0.30079	0.07295	0.30660	0.94766	-0.08909	-0.04233	0.10708	0.99335	
1221	12.20000	1274.17381	-1564.80138	1419.90105	-6.08302	-2.52078	-18.00973	0.45641	0.95008	-0.30301	0.07435	0.30888	0.94709	-0.08726	-0.04398	0.10587	0.99341	
1222	12.21000	1284.66472	-1563.91908	1421.19846	-6.09787	-2.75930	-18.06726	0.51420	0.94959	-0.30352	0.07845	0.30977	0.94690	-0.08614	-0.04814	0.10610	0.99319	
1223	12.22000	1295.09191	-1562.87928	1422.35787	-5.97919	-2.96384	-18.26163	0.47189	0.94837	-0.30654	0.08148	0.31294	0.94616	-0.08281	-0.05171	0.10403	0.99323	
1224	12.23000	1305.48853	-1561.70302	1423.44234	-6.05666	-3.13333	-18.33534	0.53157	0.94781	-0.30735	0.08479	0.31411	0.94575	-0.08306	-0.05466	0.10535	0.99293	
1225	12.24000	1315.86747	-1560.36565	1424.50654	-6.05418	-3.35632	-18.52380	0.50740	0.94657	-0.31007	0.08871	0.31715	0.94487	-0.08151	-0.05855	0.10529	0.99272	
1226	12.25000	1326.23186	-1558.94206	1425.46022	-6.07578	-3.54661	-18.67414	0.52174	0.94554	-0.31218	0.09216	0.31957	0.94413	-0.08058	-0.06186	0.10564	0.99248	
1227	12.26000	1336.60145	-1557.37900	1426.37171	-6.09927	-3.77729	-18.87432	0.49243	0.94417	-0.31504	0.09635	0.32279	0.94314	-0.07935	-0.06588	0.10602	0.99218	
1228	12.27000	1346.92225	-1555.65666	1427.17489	-6.19038	-3.96119	-19.07842	0.51519	0.94281	-0.31792	0.10015	0.32608	0.94200	-0.07946	-0.06908	0.10757	0.99179	
1229	12.28000	1357.28207	-1553.81490	1427.91417	-6.26213	-4.16841	-19.28154	0.52603	0.94141	-0.32076	0.10422	0.32934	0.94089	-0.07910	-0.07269	0.10879	0.99140	
1230	12.29000	1367.70366	-1551.73600	1428.66387	-6.35195	-4.35045	-19.49918	0.52047	0.93993	-0.32383	0.10800	0.33283	0.93966	-0.07913	-0.07586	0.11032	0.99100	
1231	12.30000	1378.10095	-1549.41496	1429.28890	-6.26075	-4.39104	-19.70571	0.47263	0.93867	-0.32732	0.10842	0.33620	0.93864	-0.07700	-0.07656	0.10873	0.99112	
1232	12.31000	1388.60046	-1547.21481	1429.85736	-6.33349	-4.54891	-19.98746	0.46859	0.93681	-0.33151	0.11179	0.34074	0.93702	-0.07673	-0.07931	0.10997	0.99077	
1233	12.32000	1399.07851	-1544.93260	1430.24956	-6.34616	-4.63677	-20.20760	0.45848	0.93538	-0.33492	0.11358	0.34429	0.93578	-0.07598	-0.08084	0.11017	0.99062	
1234	12.33000	1409.43434	-1542.48520	1430.64768	-6.40156	-4.75039	-20.38865	0.62811	0.93413	-0.33756	0.11599	0.34719	0.93472	-0.07584	-0.08282	0.11111	0.99035	
1235	12.34000	1420.06883	-1540.06355	1430.97270	-6.44627	-4.94128	-20.61053	0.54843	0.93252	-0.34074	0.11963	0.35071	0.93348	-0.07496	-0.08613	0.11185	0.98998	
1236	12.35000	1430.59438	-1537.48520	1431.27578	-6.47428	-5.07726	-20.84735	0.58957	0.93087	-0.34428	0.12231	0.35448	0.93212	-0.07408	-0.08850	0.11231	0.98972	
1237	12.36000	1441.12048	-1534.89778	1431.58224	-6.53001	-5.18363	-21.03675	0.57498	0.92953	-0.34705	0.12460	0.35750	0.93098	-0.07392	-0.09035	0.11326	0.98945	
1238	12.37000	1451.61636	-1532.15138	1431.74588	-6.52169	-5.36071	-21.11486	0.60446	0.92878	-0.34801	0.12750	0.35866	0.93065	-0.07252	-0.09343	0.11308	0.98918	
1239	12.38000	1462.15496	-1529.54940	1432.07443	-6.61014	-5.59735	-21.43948	0.62261	0.92637	-0.35264	0.13226	0.36378	0.92872	-0.07173	-0.09754	0.11456	0.98862	
1240	12.39000	1472.62059	-1526.78407	1432.31724	-6.50548	-5.62617	-21.59317	0.64190	0.92534	-0.35532	0.13227	0.36624	0.92792	-0.06950	-0.09804	0.11275	0.98877	
1241	12.40000	1483.01456	-1524.06721	1432.42780	-6.45010	-5.64606	-21.84382	0.63890	0.92370	-0.35946	0.13254	0.37027	0.92644	-0.06790	-0.09838	0.11179	0.98885	
1242	12.41000	1493.27898	-1521.30456	1432.55388	-6.47191	-5.83113	-22.04762	0.67678	0.92208	-0.36237	0.13588	0.37343	0.92526	-0.06658	-0.10160	0.11213	0.98849	
1243	12.42000	1503.53922	-1518.51030	1432.71814	-6.40884	-5.97322	-22.20687	0.68226	0.92080	-0.36484	0.13793	0.37590	0.92443	-0.06426	-0.10406	0.11102	0.98836	
1244	12.43000	1514.06429	-1515.52361	1432.88649	-6.31543	-6.04748	-22.47220	0.58492	0.91892	-0.36921	0.13881	0.38011	0.92289	-0.06162	-0.10535	0.10939	0.98840	
1245	12.44000	1524.18778	-1512.62567	1433.05597	-6.23045	-6.08340	-22.57033	0.73393	0.91821	-0.37093	0.13894	0.38166	0.92237	-0.05978	-0.10598	0.10792	0.98850	
1246	12.45000	1534.57392	-1509.69241	1433.29989	-6.16441	-6.08285	-22.73125	0.71015	0.91713	-0.37368	0.13866	0.38423	0.92139	-0.05833	-0.10597	0.10678	0.98862	
1247	12.46000	1544.96917	-1506.69863	1433.54283	-6.12699	-6.05655	-22.94147	0.71130	0.91576	-0.37719	0.13821	0.38761	0.92003	-0.05740	-0.10551	0.10614	0.98874	
1248	12.47000	1555.37980	-1503.65118	1433.80489	-6.02921	-6.06539	-23.12707	0.70381	0.91449	-0.38039	0.13789	0.39057	0.91891	-0.05532	-0.10566	0.10445	0.98890	
1249	12.48000	1566.04715	-1500.57959	1434.21090	-6.02981	-6.03017	-23.37714	0.54042	0.91283	-0.38446	0.13758	0.39459	0.91721	-0.05497	-0.10505	0.10446	0.98896	
1250	12.49000	1576.24854	-1497.37873	1434.61351	-5.82677	-5.88689	-23.47918	0.70120	0.91237	-0.38681	0.13403	0.39631	0.91661	-0.05246	-0.10256	0.10099	0.98959	
1251	12.50000	1586.66768	-1494.10556	1435.07892	-5.81753	-5.83337	-23.68842	0.70160	0.91100	-0.39026	0.13332	0.39968	0.91517	-0.05220	-0.10164	0.10084	0.98970	
1252	12.51000	1597.07440	-1490.80246	1435.60702	-5.72029	-5.76946	-23.89330	0.69751	0.90967	-0.39386	0.13182	0.40298	0.91381	-0.05062	-0.10053	0.09917	0.98998	
1253	12.52000	1607.45256	-1487.26946	1436.29725	-5.64033	-5.64872	-24.09505	0.70292	0.90844	-0.39744	0.12954	0.40627	0.91240	-0.04973	-0.09843	0.09781	0.99033	
1254	12.53000	1618.01447	-1483.58262	1437.09066	-5.52812	-5.51476	-24.30632	0.59540	0.90714	-0.40126	0.12683	0.40971	0.91093	-0.04842	-0.09610	0.09589	0.99074	
1255	12.54000	1628.41396	-1479.92392	1438.01761	-5.48346	-5.40350	-24.50045	0.55216	0.90591	-0.40461	0.12493	0.41286	0.90953	-0.04808	-0.09417	0.09513	0.99100	
1256	12.55000	1638.67343	-1476.13110	1439.13510	-5.44415	-5.19437	-24.75937	0.56219	0.90435	-0.40912	0.12158	0.41709	0.90758	-0.04841	-0.09053	0.09449	0.99140	
1257	12.56000	1648.75179	-1472.26426	1440.41011	-5.38423	-5.05965	-24.95939	0.57637	0.90307	-0.41261	0.11920	0.42033	0.90610	-0.04802	-0.08819	0.09347	0.99171	
1258	12.57000	1658.55340	-1468.49207	1441.76457	-5.18984	-4.96504	-25.02604	0.54024	0.90272	-0.41420	0.11637	0.42144	0.90571	-0.04550	-0.08655	0.09012	0.99216	
1259	12.58000	1667.98183	-1464.29193	1442.96962	-5.15853	-4.98809	-25.32966	0.57450	0.90044	-0.41903	0.11674	0.42621	0.90354	-0.04422	-0.08695	0.08957	0.99218	
1260	12.59000	1677.15360	-1460.35383	1444.35315	-4.96772	-5.09795	-25.44826	0.52433	0.89940	-0.42113	0.11714	0.42800	0.90289	-0.04015	-0.08886	0.08625	0.99230	
1261	12.60000	1686.20613	-1456.16752	1445.86159	-4.95287	-5.21691	-25.69860	0.50147	0.89735	-0.42494	0.11907	0.43184	0.90113	-0.03851	-0.09093	0.08598	0.99214	
1262	12.61000	1695.29725	-1451.77398	1447.45542	-4.95349	-5.40648	-25.92117	0.53747	0.89540	-0.42818	0.12217	0.43519	0.89959	-0.03663	-0.09422	0.08596	0.99183	
1263	12.62000	1704.43357	-1447.27451	1449.09718	-4.89523	-5.61935	-26.12590	0.52818	0.89351	-0.43124	0.12517	0.43823	0.89823	-0.03365	-0.09792	0.08492	0.99156	
1264	12.63000	1713.76345	-1442.66283	1450.79565	-4.81871	-5.74943	-26.33732	0.48373	0.89169	-0.43455	0.12673	0.44142	0.89676	-0.03100	-0.10018	0.08358	0.99145	
1265	12.64000	1723.14819	-1437.91179	1452.44852	-4.66019	-5.79356	-26.50068	0.50423	0.89036	-0.43739	0.12629	0.44393	0.89563	-0.02782	-0.10094	0.08083	0.99160	
1266	12.65000	1732.83491	-1432.99472	1454.06860	-4.57640	-5.83355	-26.72946	0.53794	0.88851	-0.44110	0.12638	0.44745	0.89394	-0.02569	-0.10164	0.07938	0.99165	
1267	12.66000	1742.61183	-1427.93807	1455.69831	-4.47004	-5.76488	-26.84442	0.51093	0.88772	-0.44321	0.12454	0.44929	0.89306	-0.02432	-0.10045	0.07754	0.99192	
1268	12.67000	1752.50432	-1422.79881	1457.34794	-4.37938	-5.68920	-26.97051	0.48480	0.88685	-0.44546	0.12272	0.45130	0.89207	-0.02323	-0.09913	0.07598	0.99217	
1269	12.68000	1762.32483	-1417.43255	1459.06040	-4.31655	-5.57756	-27.09927	0.55147	0.88600	-0.44773	0.12056	0.45338	0.89103	-0.02285	-0.09719	0.07491	0.99244	
1270	12.69000	1772.13580	-1411.98994	1460.77304	-4.25095	-5.50879	-27.20650	0.51899	0.88526	-0.44961	0.11903	0.45509	0.89017	-0.02215	-0.09600	0.07378	0.99264	
1271	12.70000	1781.77197	-1406.33110	1462.47358	-4.11337	-5.42757	-27.27236	0.55315	0.88485	-0.45101	0.11672	0.45617	0.88966	-0.02053	-0.09459	0.07141	0.99295	
1272	12.71000	1791.22621	-1400.62527	1464.10977	-4.04860	-5.44554	-27.35452	0.51887	0.88417	-0.45240	0.11652	0.45742	0.88904	-0.01921	-0.09490	0.07028	0.99300	
1273	12.72000	1800.42815	-1394.69290	1465.73586	-3.89078	-5.45557	-27.44574	0.55005	0.88343	-0.45412	0.11545	0.45882	0.88838	-0.01650	-0.09507	0.06755	0.99318	
1274	12.73000	1809.43088	-1388.71928	1467.31408	-3.90453	-5.53847	-27.44767	0.52688	0.88329	-0.45404	0.11684	0.45879	0.88840	-0.01605	-0.09651	0.06778	0.99302	
1275	12.74000	1818.27288	-1382.54497	1468.87131	-3.88982	-5.62346	-27.52193	0.51562	0.88257	-0.45513	0.11805	0.45986	0.88786	-0.01499	-0.09799	0.06751	0.99289	
1276	12.75000	1826.96649	-1376.21115	1470.46278	-3.77819	-5.75434	-27.55636	0.51790	0.88209	-0.45576	0.11918	0.46029	0.88769	-0.01214	-0.10026	0.06556	0.99280	
1277	12.76000	1835.53266	-1369.77291	1471.89399	-3.76817	-5.96147	-27.59674	0.52304	0.88144	-0.45620	0.12229	0.46074	0.88748	-0.01023	-0.10386	0.06536	0.99244	
1278	12.77000	1844.07885	-1363.12853	1473.22862	-3.72451	-6.07087	-27.59524	0.51657	0.88127	-0.45616	0.12362	0.46062	0.88755	-0.00868	-0.10576	0.06459	0.99229	
1279	12.78000	1852.59658	-1356.35557	1474.56645	-3.69486	-6.16955	-27.63396	0.51288	0.88080	-0.45672	0.12490	0.46113	0.88730	-0.00735	-0.10747	0.06407	0.99214	
1280	12.79000	1861.19145	-1349.39319	1475.87913	-3.80490	-6.31395	-27.61308	0.51997	0.88072	-0.45601	0.12799	0.46069	0.88753	-0.00794	-0.10998	0.06596	0.99174	
1281	12.80000	1869.83921	-1342.27889	1477.07296	-3.85549	-6.48959	-27.64705	0.52592	0.88015	-0.45624	0.13109	0.46105	0.88734	-0.00724	-0.11302	0.06681	0.99134	
1282	12.81000	1878.54078	-1335.05925	1478.11176	-3.84206	-6.56112	-27.63179	0.52295	0.88014	-0.45596	0.13208	0.46075	0.88751	-0.00649	-0.11426	0.06657	0.99122	
1283	12.82000	1887.42745	-1327.69933	1479.06224	-3.86487	-6.58950	-27.64862	0.49931	0.87996	-0.45614	0.13270	0.46098	0.88739	-0.00658	-0.11476	0.06696	0.99113	
1284	12.83000	1896.46322	-1320.18937	1479.89062	-3.86724	-6.61502	-27.62088	0.52082	0.88014	-0.45568	0.13311	0.46053	0.88762	-0.00647	-0.11520	0.06700	0.99108	
1285	12.84000	1905.56339	-1312.55807	1480.66527	-3.85768	-6.58601	-27.60400	0.51810	0.88032	-0.45547	0.13258	0.46030	0.88774	-0.00660	-0.11469	0.06683	0.99115	
1286	12.85000	1914.77172	-1304.70184	1481.30612	-3.95245	-6.49559	-27.60396	0.51180	0.88048	-0.45535	0.13195	0.46038	0.88768	-0.00879	-0.11313	0.06849	0.99122	
1287	12.86000	1923.99443	-1296.97525	1482.01228	-3.98646	-6.53801	-27.47306	0.51589	0.88146	-0.45319	0.13285	0.45833	0.88873	-0.00928	-0.11386	0.06907	0.99109	
1288	12.87000	1933.26388	-1288.98507	1482.46211	-3.96494	-6.55089	-27.46541	0.49383	0.88150	-0.45311	0.13288	0.45820	0.88880	-0.00886	-0.11409	0.06869	0.99109	
1289	12.88000	1942.51528	-1280.93328	1482.86200	-3.94928	-6.54447	-27.40285	0.53216	0.88201	-0.45218	0.13264	0.45724	0.88930	-0.00881	-0.11397	0.06842	0.99112	
1290	12.89000	1951.72079	-1272.77956	1483.11386	-3.98254	-6.64801	-27.44560	0.47278	0.88148	-0.45266	0.13450	0.45781	0.88901	-0.00841	-0.11577	0.06899	0.99088	
1291	12.90000	1960.89552	-1264.49854	1483.28139	-4.03898	-6.67413	-27.40334	0.48278	0.88177	-0.45184	0.13534	0.45713	0.88935	-0.00917	-0.11622	0.06996	0.99076	
1292	12.91000	1970.03568	-1256.11332	1483.40413	-4.15202	-6.76133	-27.37165	0.48458	0.88187	-0.45098	0.13757	0.45656	0.88963	-0.01031	-0.11773	0.07190	0.99044	
1293	12.92000	1979.27524	-1247.59795	1483.51599	-4.18809	-6.75514	-27.36476	0.48562	0.88193	-0.45080	0.13775	0.45646	0.88968	-0.01094	-0.11763	0.07252	0.99041	
1294	12.93000	1988.47121	-1238.92090	1483.51593	-4.14054	-6.84211	-27.29829	0.48732	0.88230	-0.44978	0.13870	0.45536	0.89026	-0.00967	-0.11913	0.07169	0.99029	
1295	12.94000	1997.68729	-1230.15813	1483.35375	-4.25373	-6.82489	-27.31185	0.52493	0.88223	-0.44974	0.13933	0.45558	0.89012	-0.01153	-0.11884	0.07365	0.99018	
1296	12.95000	2006.91640	-1221.39855	1483.20852	-4.30970	-6.96390	-27.30063	0.52063	0.88206	-0.44927	0.14190	0.45528	0.89028	-0.01132	-0.12124	0.07459	0.98982	
1297	12.96000	2016.00075	-1212.49907	1483.00541	-4.33453	-6.97817	-27.34220	0.53617	0.88170	-0.44983	0.14232	0.45590	0.88996	-0.01149	-0.12149	0.07502	0.98975	
