NO_OF_FRAMES	6000
NO_OF_CAMERAS	8
NO_OF_BODIES	2
FREQUENCY	100
NO_OF_ANALOG	0
ANALOG_FREQUENCY	0
DESCRIPTION	--
TIME_STAMP	2022-08-12, 14:06:56.892	1223230.27508510
DATA_INCLUDED	6D
BODY_NAMES	Drone	DroneElCapitan
BODY_FILTERS	No filter	No filter
TRANSLATION_ORIGIN	Global	Global	
ROTATION_ORIGIN	Global	Global	
Frame	Time	Drone X	Y	Z	Roll	Pitch	Yaw	Residual	Rot[0]	Rot[1]	Rot[2]	Rot[3]	Rot[4]	Rot[5]	Rot[6]	Rot[7]	Rot[8]		DroneElCapitan X	Y	Z	Roll	Pitch	Yaw	Residual	Rot[0]	Rot[1]	Rot[2]	Rot[3]	Rot[4]	Rot[5]	Rot[6]	Rot[7]	Rot[8]	
1	0.00000																		474.32805	-30.65901	70.58420	-0.09034	-0.02501	-5.16014	3.20469	0.99595	-0.08994	0.00058	0.08994	0.99595	-0.00153	-0.00044	0.00158	1.00000	
2	0.01000																		474.30917	-30.62171	70.60889	-0.09264	-0.02416	-5.15828	3.21969	0.99595	-0.08991	0.00057	0.08991	0.99595	-0.00157	-0.00042	0.00162	1.00000	
3	0.02000																		474.32891	-30.64641	70.59784	-0.09201	-0.02213	-5.15892	3.19654	0.99595	-0.08992	0.00053	0.08992	0.99595	-0.00156	-0.00039	0.00161	1.00000	
4	0.03000																		474.34696	-30.60665	70.59781	-0.08502	-0.02995	-5.15772	3.21659	0.99595	-0.08990	0.00065	0.08990	0.99595	-0.00143	-0.00052	0.00148	1.00000	
5	0.04000																		474.32970	-30.64293	70.58653	-0.09222	-0.02415	-5.15980	3.21746	0.99595	-0.08993	0.00056	0.08993	0.99595	-0.00157	-0.00042	0.00161	1.00000	
6	0.05000																		474.31662	-30.66370	70.57933	-0.09106	-0.02677	-5.15922	3.20481	0.99595	-0.08992	0.00061	0.08992	0.99595	-0.00154	-0.00047	0.00159	1.00000	
7	0.06000																		474.31424	-30.74623	70.60769	-0.09086	-0.02364	-5.16262	3.19762	0.99594	-0.08998	0.00055	0.08998	0.99594	-0.00154	-0.00041	0.00159	1.00000	
8	0.07000																		474.29606	-30.83112	70.46178	-0.08531	-0.02206	-5.16183	3.19519	0.99594	-0.08997	0.00052	0.08997	0.99594	-0.00145	-0.00039	0.00149	1.00000	
9	0.08000																		474.37790	-30.61935	70.61904	-0.08732	-0.03537	-5.15593	3.16769	0.99595	-0.08987	0.00075	0.08987	0.99595	-0.00146	-0.00062	0.00152	1.00000	
10	0.09000																		474.35118	-30.66308	70.58452	-0.08436	-0.03409	-5.15649	3.18156	0.99595	-0.08988	0.00072	0.08988	0.99595	-0.00141	-0.00060	0.00147	1.00000	
11	0.10000																		474.26812	-30.64542	70.49309	-0.08547	-0.03253	-5.15770	3.20444	0.99595	-0.08990	0.00070	0.08990	0.99595	-0.00143	-0.00057	0.00149	1.00000	
12	0.11000																		474.26701	-30.63376	70.50141	-0.08786	-0.02661	-5.16027	3.19935	0.99595	-0.08994	0.00060	0.08994	0.99595	-0.00149	-0.00046	0.00153	1.00000	
13	0.12000																		474.28218	-30.59394	70.53823	-0.08855	-0.02636	-5.15970	3.21586	0.99595	-0.08993	0.00060	0.08993	0.99595	-0.00150	-0.00046	0.00155	1.00000	
14	0.13000																		474.28028	-30.58607	70.53686	-0.08696	-0.02677	-5.15803	3.20676	0.99595	-0.08990	0.00060	0.08990	0.99595	-0.00147	-0.00047	0.00152	1.00000	
15	0.14000																		474.26810	-30.62293	70.50935	-0.08749	-0.03119	-5.15816	3.22131	0.99595	-0.08990	0.00068	0.08991	0.99595	-0.00147	-0.00054	0.00153	1.00000	
16	0.15000																		474.28399	-30.63003	70.52585	-0.09266	-0.02535	-5.16047	3.19470	0.99595	-0.08994	0.00059	0.08995	0.99595	-0.00157	-0.00044	0.00162	1.00000	
17	0.16000																		474.27679	-30.64621	70.51238	-0.08626	-0.02918	-5.15842	3.20843	0.99595	-0.08991	0.00064	0.08991	0.99595	-0.00145	-0.00051	0.00151	1.00000	
18	0.17000																		474.25265	-30.64160	70.48094	-0.08917	-0.02884	-5.15859	3.21305	0.99595	-0.08991	0.00064	0.08991	0.99595	-0.00150	-0.00050	0.00156	1.00000	
19	0.18000																		474.25759	-30.63027	70.49957	-0.08713	-0.02758	-5.15734	3.21026	0.99595	-0.08989	0.00062	0.08989	0.99595	-0.00147	-0.00048	0.00152	1.00000	
20	0.19000																		474.29154	-30.59449	70.56549	-0.08597	-0.02846	-5.15721	3.21127	0.99595	-0.08989	0.00063	0.08989	0.99595	-0.00145	-0.00050	0.00150	1.00000	
21	0.20000																		474.27836	-30.60527	70.50648	-0.08648	-0.02874	-5.15772	3.20137	0.99595	-0.08990	0.00064	0.08990	0.99595	-0.00146	-0.00050	0.00151	1.00000	
22	0.21000																		474.25925	-30.64853	70.46241	-0.08622	-0.03116	-5.15690	3.21719	0.99595	-0.08988	0.00068	0.08988	0.99595	-0.00145	-0.00054	0.00150	1.00000	
23	0.22000																		474.25989	-30.60930	70.48286	-0.08422	-0.03122	-5.15919	3.20669	0.99595	-0.08992	0.00067	0.08992	0.99595	-0.00141	-0.00054	0.00147	1.00000	
24	0.23000																		474.27005	-30.58588	70.51790	-0.08742	-0.02923	-5.15837	3.20963	0.99595	-0.08991	0.00065	0.08991	0.99595	-0.00147	-0.00051	0.00153	1.00000	
25	0.24000																		474.25991	-30.64670	70.50639	-0.08720	-0.02875	-5.15741	3.21051	0.99595	-0.08989	0.00064	0.08989	0.99595	-0.00147	-0.00050	0.00152	1.00000	
26	0.25000																		474.25384	-30.63395	70.48867	-0.08619	-0.03020	-5.15783	3.21494	0.99595	-0.08990	0.00066	0.08990	0.99595	-0.00145	-0.00053	0.00150	1.00000	
27	0.26000																		474.27542	-30.63375	70.50322	-0.08487	-0.03150	-5.15905	3.20315	0.99595	-0.08992	0.00068	0.08992	0.99595	-0.00143	-0.00055	0.00148	1.00000	
28	0.27000																		474.27251	-30.60175	70.48140	-0.08595	-0.03008	-5.15638	3.20991	0.99595	-0.08987	0.00066	0.08987	0.99595	-0.00145	-0.00052	0.00150	1.00000	
29	0.28000																		474.25077	-30.63614	70.45535	-0.08671	-0.03181	-5.15785	3.20705	0.99595	-0.08990	0.00069	0.08990	0.99595	-0.00146	-0.00056	0.00151	1.00000	
30	0.29000																		474.24920	-30.63823	70.46982	-0.08840	-0.03080	-5.15603	3.20280	0.99595	-0.08987	0.00067	0.08987	0.99595	-0.00149	-0.00054	0.00154	1.00000	
31	0.30000																		474.27971	-30.60513	70.52338	-0.08938	-0.02801	-5.16057	3.19865	0.99595	-0.08995	0.00063	0.08995	0.99595	-0.00151	-0.00049	0.00156	1.00000	
32	0.31000																		474.26570	-30.60467	70.49711	-0.08919	-0.02989	-5.15742	3.20117	0.99595	-0.08989	0.00066	0.08989	0.99595	-0.00150	-0.00052	0.00156	1.00000	
33	0.32000																		474.25934	-30.64902	70.45976	-0.08908	-0.02895	-5.15827	3.21417	0.99595	-0.08991	0.00064	0.08991	0.99595	-0.00150	-0.00051	0.00155	1.00000	
34	0.33000																		474.26492	-30.62209	70.46809	-0.08706	-0.03120	-5.15748	3.21235	0.99595	-0.08989	0.00068	0.08989	0.99595	-0.00146	-0.00054	0.00152	1.00000	
35	0.34000																		474.26880	-30.61162	70.49969	-0.08725	-0.03244	-5.15663	3.21047	0.99595	-0.08988	0.00070	0.08988	0.99595	-0.00147	-0.00057	0.00152	1.00000	
36	0.35000																		474.26091	-30.65241	70.48982	-0.08473	-0.03026	-5.15730	3.20831	0.99595	-0.08989	0.00066	0.08989	0.99595	-0.00143	-0.00053	0.00148	1.00000	
37	0.36000																		474.24567	-30.67074	70.46315	-0.08543	-0.02926	-5.15518	3.21842	0.99595	-0.08985	0.00064	0.08985	0.99595	-0.00144	-0.00051	0.00149	1.00000	
38	0.37000																		474.27439	-30.63727	70.48462	-0.08951	-0.02839	-5.15897	3.21029	0.99595	-0.08992	0.00063	0.08992	0.99595	-0.00151	-0.00050	0.00156	1.00000	
39	0.38000																		474.27953	-30.60685	70.50385	-0.08554	-0.03021	-5.15839	3.21292	0.99595	-0.08991	0.00066	0.08991	0.99595	-0.00144	-0.00053	0.00149	1.00000	
40	0.39000																		474.26258	-30.63214	70.47403	-0.08379	-0.03224	-5.15889	3.20651	0.99595	-0.08992	0.00069	0.08992	0.99595	-0.00141	-0.00056	0.00146	1.00000	
41	0.40000																		474.25821	-30.64130	70.46963	-0.08495	-0.03066	-5.15688	3.19898	0.99595	-0.08988	0.00067	0.08988	0.99595	-0.00143	-0.00054	0.00148	1.00000	
42	0.41000																		474.27913	-30.61762	70.50688	-0.08562	-0.03032	-5.15864	3.20827	0.99595	-0.08991	0.00066	0.08991	0.99595	-0.00144	-0.00053	0.00149	1.00000	
43	0.42000																		474.26247	-30.63855	70.49633	-0.08508	-0.03208	-5.15687	3.21433	0.99595	-0.08988	0.00069	0.08988	0.99595	-0.00143	-0.00056	0.00148	1.00000	
44	0.43000																		474.27006	-30.67399	70.45443	-0.08556	-0.02980	-5.15813	3.20836	0.99595	-0.08990	0.00065	0.08990	0.99595	-0.00144	-0.00052	0.00149	1.00000	
45	0.44000																		474.25320	-30.65699	70.45967	-0.08477	-0.03173	-5.15813	3.20686	0.99595	-0.08990	0.00068	0.08990	0.99595	-0.00142	-0.00055	0.00148	1.00000	
46	0.45000																		474.27835	-30.61926	70.49030	-0.09098	-0.02474	-5.15945	3.21376	0.99595	-0.08993	0.00057	0.08993	0.99595	-0.00154	-0.00043	0.00159	1.00000	
47	0.46000																		474.26576	-30.61122	70.46540	-0.08796	-0.03009	-5.15736	3.20584	0.99595	-0.08989	0.00066	0.08989	0.99595	-0.00148	-0.00053	0.00154	1.00000	
48	0.47000																		474.25558	-30.66213	70.45385	-0.08503	-0.02878	-5.15843	3.19602	0.99595	-0.08991	0.00063	0.08991	0.99595	-0.00143	-0.00050	0.00148	1.00000	
49	0.48000																		474.26613	-30.62145	70.49940	-0.08612	-0.02951	-5.15876	3.21343	0.99595	-0.08991	0.00065	0.08992	0.99595	-0.00145	-0.00052	0.00150	1.00000	
50	0.49000																		474.27784	-30.58937	70.52320	-0.08838	-0.02738	-5.15777	3.20538	0.99595	-0.08990	0.00061	0.08990	0.99595	-0.00149	-0.00048	0.00154	1.00000	
51	0.50000																		474.26675	-30.63053	70.49288	-0.08537	-0.02962	-5.15763	3.21942	0.99595	-0.08990	0.00065	0.08990	0.99595	-0.00144	-0.00052	0.00149	1.00000	
52	0.51000																		474.27031	-30.63388	70.46475	-0.08788	-0.03282	-5.15669	3.21246	0.99595	-0.08988	0.00071	0.08988	0.99595	-0.00148	-0.00057	0.00153	1.00000	
53	0.52000																		474.26124	-30.62739	70.46784	-0.08846	-0.03115	-5.15534	3.21469	0.99595	-0.08986	0.00068	0.08986	0.99595	-0.00149	-0.00054	0.00154	1.00000	
54	0.53000																		474.25359	-30.66346	70.44529	-0.08278	-0.03184	-5.15640	3.20133	0.99595	-0.08987	0.00068	0.08987	0.99595	-0.00139	-0.00056	0.00144	1.00000	
55	0.54000																		474.25452	-30.67982	70.43136	-0.08447	-0.03159	-5.15667	3.20563	0.99595	-0.08988	0.00068	0.08988	0.99595	-0.00142	-0.00055	0.00147	1.00000	
56	0.55000																		474.26346	-30.64960	70.48804	-0.08507	-0.03398	-5.15864	3.21237	0.99595	-0.08991	0.00072	0.08991	0.99595	-0.00143	-0.00059	0.00148	1.00000	
57	0.56000																		474.26037	-30.57028	70.53303	-0.08568	-0.03120	-5.15665	3.21402	0.99595	-0.08988	0.00068	0.08988	0.99595	-0.00144	-0.00054	0.00150	1.00000	
58	0.57000																		474.27130	-30.59265	70.49059	-0.08604	-0.03091	-5.15685	3.20807	0.99595	-0.08988	0.00067	0.08988	0.99595	-0.00145	-0.00054	0.00150	1.00000	
59	0.58000																		474.26511	-30.65048	70.46416	-0.08710	-0.02964	-5.15657	3.20771	0.99595	-0.08988	0.00065	0.08988	0.99595	-0.00147	-0.00052	0.00152	1.00000	
60	0.59000																		474.26178	-30.63687	70.45559	-0.08726	-0.03204	-5.15864	3.20417	0.99595	-0.08991	0.00069	0.08991	0.99595	-0.00147	-0.00056	0.00152	1.00000	
61	0.60000																		474.25713	-30.65731	70.45624	-0.08353	-0.03319	-5.15729	3.20538	0.99595	-0.08989	0.00071	0.08989	0.99595	-0.00140	-0.00058	0.00146	1.00000	
62	0.61000																		474.28441	-30.69171	70.43183	-0.08896	-0.02732	-5.15869	3.21747	0.99595	-0.08991	0.00061	0.08991	0.99595	-0.00150	-0.00048	0.00155	1.00000	
63	0.62000																		474.25787	-30.65606	70.43546	-0.08680	-0.02990	-5.15797	3.20769	0.99595	-0.08990	0.00066	0.08990	0.99595	-0.00146	-0.00052	0.00151	1.00000	
64	0.63000																		474.26613	-30.62075	70.50777	-0.08536	-0.03037	-5.15676	3.21185	0.99595	-0.08988	0.00066	0.08988	0.99595	-0.00144	-0.00053	0.00149	1.00000	
65	0.64000																		474.27069	-30.61783	70.49688	-0.08588	-0.02807	-5.15714	3.22594	0.99595	-0.08989	0.00062	0.08989	0.99595	-0.00145	-0.00049	0.00150	1.00000	
66	0.65000																		474.26022	-30.64913	70.43745	-0.08464	-0.03296	-5.15792	3.20740	0.99595	-0.08990	0.00071	0.08990	0.99595	-0.00142	-0.00058	0.00148	1.00000	
67	0.66000																		474.24298	-30.63873	70.46390	-0.08492	-0.03284	-5.15500	3.21220	0.99596	-0.08985	0.00070	0.08985	0.99595	-0.00142	-0.00057	0.00148	1.00000	
68	0.67000																		474.25593	-30.58426	70.52623	-0.08948	-0.02761	-5.15793	3.19704	0.99595	-0.08990	0.00062	0.08990	0.99595	-0.00151	-0.00048	0.00156	1.00000	
69	0.68000																		474.26605	-30.59864	70.48414	-0.08703	-0.03089	-5.15606	3.21749	0.99595	-0.08987	0.00067	0.08987	0.99595	-0.00146	-0.00054	0.00152	1.00000	
70	0.69000																		474.26067	-30.65379	70.43426	-0.08559	-0.03139	-5.15870	3.21198	0.99595	-0.08991	0.00068	0.08991	0.99595	-0.00144	-0.00055	0.00149	1.00000	
71	0.70000																		474.25127	-30.63884	70.44618	-0.08471	-0.03124	-5.15725	3.21438	0.99595	-0.08989	0.00068	0.08989	0.99595	-0.00142	-0.00055	0.00148	1.00000	
72	0.71000																		474.26553	-30.63319	70.46472	-0.08400	-0.03169	-5.15623	3.21785	0.99595	-0.08987	0.00068	0.08987	0.99595	-0.00141	-0.00055	0.00147	1.00000	
73	0.72000																		474.26749	-30.66416	70.43864	-0.08640	-0.03185	-5.15718	3.21415	0.99595	-0.08989	0.00069	0.08989	0.99595	-0.00145	-0.00056	0.00151	1.00000	
74	0.73000																		474.25292	-30.65975	70.44951	-0.08617	-0.03117	-5.15527	3.21190	0.99595	-0.08985	0.00068	0.08986	0.99595	-0.00145	-0.00054	0.00150	1.00000	
75	0.74000																		474.25565	-30.61298	70.51155	-0.08634	-0.03136	-5.15773	3.21068	0.99595	-0.08990	0.00068	0.08990	0.99595	-0.00145	-0.00055	0.00151	1.00000	
76	0.75000																		474.25899	-30.58241	70.51546	-0.08508	-0.03041	-5.15717	3.21243	0.99595	-0.08989	0.00066	0.08989	0.99595	-0.00143	-0.00053	0.00148	1.00000	
77	0.76000																		474.25421	-30.62912	70.43854	-0.08614	-0.03115	-5.15754	3.22791	0.99595	-0.08989	0.00068	0.08989	0.99595	-0.00145	-0.00054	0.00150	1.00000	
78	0.77000																		474.25538	-30.65447	70.44786	-0.08580	-0.02964	-5.15753	3.20609	0.99595	-0.08989	0.00065	0.08989	0.99595	-0.00144	-0.00052	0.00150	1.00000	
79	0.78000																		474.26288	-30.64436	70.46152	-0.08471	-0.03226	-5.15757	3.21962	0.99595	-0.08989	0.00069	0.08990	0.99595	-0.00142	-0.00056	0.00148	1.00000	
80	0.79000																		474.26856	-30.65414	70.47684	-0.08383	-0.02920	-5.15820	3.21340	0.99595	-0.08991	0.00064	0.08991	0.99595	-0.00141	-0.00051	0.00146	1.00000	
81	0.80000																		474.25785	-30.68627	70.44478	-0.08553	-0.03070	-5.15697	3.20163	0.99595	-0.08988	0.00067	0.08988	0.99595	-0.00144	-0.00054	0.00149	1.00000	
82	0.81000																		474.26464	-30.65785	70.43022	-0.09128	-0.02810	-5.15854	3.20757	0.99595	-0.08991	0.00063	0.08991	0.99595	-0.00154	-0.00049	0.00159	1.00000	
83	0.82000																		474.26909	-30.61853	70.49191	-0.09146	-0.02877	-5.15937	3.21113	0.99595	-0.08993	0.00064	0.08993	0.99595	-0.00154	-0.00050	0.00160	1.00000	
84	0.83000																		474.25493	-30.63402	70.48551	-0.08650	-0.03329	-5.15848	3.21540	0.99595	-0.08991	0.00071	0.08991	0.99595	-0.00145	-0.00058	0.00151	1.00000	
85	0.84000																		474.24529	-30.64784	70.45973	-0.08619	-0.03368	-5.15768	3.21474	0.99595	-0.08990	0.00072	0.08990	0.99595	-0.00145	-0.00059	0.00150	1.00000	
86	0.85000																		474.25882	-30.62898	70.48177	-0.08682	-0.03134	-5.15746	3.20519	0.99595	-0.08989	0.00068	0.08989	0.99595	-0.00146	-0.00055	0.00152	1.00000	
87	0.86000																		474.27556	-30.63410	70.47693	-0.08522	-0.03124	-5.15826	3.21179	0.99595	-0.08991	0.00068	0.08991	0.99595	-0.00143	-0.00055	0.00149	1.00000	
88	0.87000																		474.26151	-30.67283	70.44685	-0.08499	-0.03066	-5.15776	3.21833	0.99595	-0.08990	0.00067	0.08990	0.99595	-0.00143	-0.00054	0.00148	1.00000	
89	0.88000																		474.24891	-30.65931	70.42628	-0.08491	-0.03017	-5.15656	3.21908	0.99595	-0.08988	0.00066	0.08988	0.99595	-0.00143	-0.00053	0.00148	1.00000	
90	0.89000																		474.25671	-30.63050	70.47431	-0.08584	-0.03221	-5.15748	3.21254	0.99595	-0.08989	0.00069	0.08989	0.99595	-0.00144	-0.00056	0.00150	1.00000	
91	0.90000																		474.26615	-30.60984	70.48040	-0.08465	-0.03217	-5.15771	3.20775	0.99595	-0.08990	0.00069	0.08990	0.99595	-0.00142	-0.00056	0.00148	1.00000	
92	0.91000																		474.25578	-30.62384	70.47355	-0.08391	-0.03282	-5.15766	3.21000	0.99595	-0.08990	0.00070	0.08990	0.99595	-0.00141	-0.00057	0.00146	1.00000	
93	0.92000																		474.25258	-30.65478	70.45127	-0.08622	-0.02854	-5.15912	3.23045	0.99595	-0.08992	0.00063	0.08992	0.99595	-0.00145	-0.00050	0.00150	1.00000	
94	0.93000																		474.24937	-30.64961	70.45432	-0.09001	-0.02865	-5.15983	3.20676	0.99595	-0.08993	0.00064	0.08993	0.99595	-0.00152	-0.00050	0.00157	1.00000	
95	0.94000																		474.26804	-30.62814	70.45501	-0.08788	-0.02907	-5.15657	3.20893	0.99595	-0.08988	0.00064	0.08988	0.99595	-0.00148	-0.00051	0.00153	1.00000	
96	0.95000																		474.24736	-30.63187	70.44784	-0.08536	-0.03077	-5.15585	3.21362	0.99595	-0.08986	0.00067	0.08987	0.99595	-0.00144	-0.00054	0.00149	1.00000	
97	0.96000																		474.27979	-30.64040	70.46508	-0.08868	-0.02812	-5.15755	3.19840	0.99595	-0.08989	0.00063	0.08989	0.99595	-0.00150	-0.00049	0.00155	1.00000	
98	0.97000																		474.27318	-30.63417	70.47346	-0.08728	-0.03018	-5.15630	3.20603	0.99595	-0.08987	0.00066	0.08987	0.99595	-0.00147	-0.00053	0.00152	1.00000	
99	0.98000																		474.25634	-30.65876	70.46828	-0.08497	-0.03091	-5.15822	3.21391	0.99595	-0.08991	0.00067	0.08991	0.99595	-0.00143	-0.00054	0.00148	1.00000	
100	0.99000																		474.25614	-30.62951	70.44017	-0.08413	-0.03115	-5.15891	3.22079	0.99595	-0.08992	0.00067	0.08992	0.99595	-0.00141	-0.00054	0.00147	1.00000	
101	1.00000																		474.26179	-30.61891	70.49133	-0.08516	-0.03074	-5.15632	3.21445	0.99595	-0.08987	0.00067	0.08987	0.99595	-0.00143	-0.00054	0.00149	1.00000	
102	1.01000																		474.26469	-30.60813	70.47961	-0.08492	-0.03384	-5.15847	3.20532	0.99595	-0.08991	0.00072	0.08991	0.99595	-0.00142	-0.00059	0.00148	1.00000	
103	1.02000																		474.26500	-30.64253	70.43743	-0.08480	-0.03243	-5.15757	3.20178	0.99595	-0.08989	0.00070	0.08990	0.99595	-0.00142	-0.00057	0.00148	1.00000	
104	1.03000																		474.26757	-30.65404	70.42455	-0.08839	-0.02838	-5.16016	3.20946	0.99595	-0.08994	0.00063	0.08994	0.99595	-0.00149	-0.00050	0.00154	1.00000	
105	1.04000																		474.28348	-30.64849	70.44824	-0.08816	-0.02799	-5.16076	3.20279	0.99595	-0.08995	0.00062	0.08995	0.99595	-0.00149	-0.00049	0.00154	1.00000	
106	1.05000																		474.26895	-30.65805	70.44314	-0.08846	-0.02858	-5.16047	3.20688	0.99595	-0.08994	0.00064	0.08995	0.99595	-0.00149	-0.00050	0.00154	1.00000	
107	1.06000																		474.25595	-30.64342	70.47011	-0.08519	-0.03178	-5.15842	3.21201	0.99595	-0.08991	0.00069	0.08991	0.99595	-0.00143	-0.00055	0.00149	1.00000	
108	1.07000																		474.26181	-30.61850	70.47784	-0.08436	-0.03312	-5.15776	3.21280	0.99595	-0.08990	0.00071	0.08990	0.99595	-0.00141	-0.00058	0.00147	1.00000	
109	1.08000																		474.26105	-30.61284	70.48764	-0.08473	-0.03154	-5.15678	3.21068	0.99595	-0.08988	0.00068	0.08988	0.99595	-0.00142	-0.00055	0.00148	1.00000	
110	1.09000																		474.25579	-30.67159	70.42142	-0.08642	-0.03312	-5.15868	3.21403	0.99595	-0.08991	0.00071	0.08991	0.99595	-0.00145	-0.00058	0.00151	1.00000	
111	1.10000																		474.24245	-30.68191	70.39354	-0.08667	-0.03117	-5.15688	3.21746	0.99595	-0.08988	0.00068	0.08988	0.99595	-0.00146	-0.00054	0.00151	1.00000	
112	1.11000																		474.26455	-30.62644	70.48463	-0.08533	-0.03174	-5.15707	3.20658	0.99595	-0.08989	0.00069	0.08989	0.99595	-0.00143	-0.00055	0.00149	1.00000	
113	1.12000																		474.25898	-30.61718	70.50204	-0.08468	-0.02999	-5.15785	3.20946	0.99595	-0.08990	0.00065	0.08990	0.99595	-0.00142	-0.00052	0.00148	1.00000	
114	1.13000																		474.25803	-30.61759	70.47368	-0.08399	-0.02795	-5.15818	3.21788	0.99595	-0.08990	0.00062	0.08991	0.99595	-0.00142	-0.00049	0.00147	1.00000	
115	1.14000																		474.25250	-30.63135	70.43011	-0.08386	-0.03337	-5.15791	3.20619	0.99595	-0.08990	0.00071	0.08990	0.99595	-0.00141	-0.00058	0.00146	1.00000	
116	1.15000																		474.25303	-30.58734	70.47619	-0.08525	-0.03496	-5.15763	3.21330	0.99595	-0.08990	0.00074	0.08990	0.99595	-0.00143	-0.00061	0.00149	1.00000	
117	1.16000																		474.26858	-30.68254	70.43107	-0.08711	-0.02834	-5.15819	3.19788	0.99595	-0.08990	0.00063	0.08991	0.99595	-0.00147	-0.00049	0.00152	1.00000	
118	1.17000																		474.25704	-30.65767	70.44554	-0.08534	-0.03213	-5.15882	3.21922	0.99595	-0.08992	0.00069	0.08992	0.99595	-0.00143	-0.00056	0.00149	1.00000	
119	1.18000																		474.26137	-30.63766	70.47753	-0.08619	-0.02987	-5.15677	3.21021	0.99595	-0.08988	0.00065	0.08988	0.99595	-0.00145	-0.00052	0.00150	1.00000	
120	1.19000																		474.25498	-30.63022	70.47242	-0.08591	-0.03097	-5.15702	3.20614	0.99595	-0.08988	0.00067	0.08989	0.99595	-0.00144	-0.00054	0.00150	1.00000	
121	1.20000																		474.26942	-30.64811	70.46030	-0.08492	-0.03061	-5.15852	3.21362	0.99595	-0.08991	0.00067	0.08991	0.99595	-0.00143	-0.00053	0.00148	1.00000	
122	1.21000																		474.26011	-30.65076	70.42755	-0.08607	-0.03320	-5.15774	3.20754	0.99595	-0.08990	0.00071	0.08990	0.99595	-0.00144	-0.00058	0.00150	1.00000	
123	1.22000																		474.25891	-30.60514	70.49831	-0.08306	-0.03197	-5.15457	3.21440	0.99596	-0.08984	0.00069	0.08984	0.99595	-0.00139	-0.00056	0.00145	1.00000	
124	1.23000																		474.27381	-30.62553	70.48316	-0.09097	-0.02707	-5.15927	3.21317	0.99595	-0.08992	0.00061	0.08992	0.99595	-0.00154	-0.00047	0.00159	1.00000	
125	1.24000																		474.26318	-30.62301	70.47466	-0.08333	-0.03282	-5.15578	3.21239	0.99595	-0.08986	0.00070	0.08986	0.99595	-0.00140	-0.00057	0.00145	1.00000	
126	1.25000																		474.24054	-30.64219	70.44079	-0.08583	-0.03259	-5.15789	3.21004	0.99595	-0.08990	0.00070	0.08990	0.99595	-0.00144	-0.00057	0.00150	1.00000	
127	1.26000																		474.25256	-30.66097	70.44177	-0.08568	-0.02930	-5.15900	3.21902	0.99595	-0.08992	0.00064	0.08992	0.99595	-0.00144	-0.00051	0.00150	1.00000	
128	1.27000																		474.25721	-30.64638	70.43799	-0.08381	-0.03254	-5.15951	3.20396	0.99595	-0.08993	0.00070	0.08993	0.99595	-0.00141	-0.00057	0.00146	1.00000	
129	1.28000																		474.26258	-30.65231	70.44585	-0.08315	-0.03301	-5.15729	3.20287	0.99595	-0.08989	0.00070	0.08989	0.99595	-0.00139	-0.00058	0.00145	1.00000	
130	1.29000																		474.26580	-30.60029	70.50187	-0.08538	-0.03108	-5.15631	3.21446	0.99595	-0.08987	0.00067	0.08987	0.99595	-0.00144	-0.00054	0.00149	1.00000	
131	1.30000																		474.26983	-30.61056	70.51859	-0.09037	-0.02834	-5.15797	3.20234	0.99595	-0.08990	0.00063	0.08990	0.99595	-0.00153	-0.00049	0.00158	1.00000	
132	1.31000																		474.26350	-30.61209	70.47376	-0.08410	-0.03053	-5.15714	3.23309	0.99595	-0.08989	0.00066	0.08989	0.99595	-0.00141	-0.00053	0.00147	1.00000	
133	1.32000																		474.26654	-30.65235	70.42095	-0.08445	-0.03368	-5.15685	3.20806	0.99595	-0.08988	0.00072	0.08988	0.99595	-0.00142	-0.00059	0.00147	1.00000	
134	1.33000																		474.27528	-30.68659	70.39212	-0.08603	-0.03075	-5.15927	3.20439	0.99595	-0.08992	0.00067	0.08992	0.99595	-0.00145	-0.00054	0.00150	1.00000	
135	1.34000																		474.26239	-30.62451	70.46008	-0.08551	-0.03100	-5.15847	3.21173	0.99595	-0.08991	0.00067	0.08991	0.99595	-0.00144	-0.00054	0.00149	1.00000	
136	1.35000																		474.26856	-30.62831	70.46022	-0.08561	-0.02844	-5.15696	3.20442	0.99595	-0.08988	0.00063	0.08988	0.99595	-0.00144	-0.00050	0.00149	1.00000	
137	1.36000																		474.27091	-30.64335	70.45939	-0.08373	-0.03215	-5.15789	3.21791	0.99595	-0.08990	0.00069	0.08990	0.99595	-0.00141	-0.00056	0.00146	1.00000	
138	1.37000																		474.25980	-30.62004	70.49577	-0.08475	-0.02932	-5.15743	3.21338	0.99595	-0.08989	0.00064	0.08989	0.99595	-0.00143	-0.00051	0.00148	1.00000	
139	1.38000																		474.26553	-30.62047	70.46366	-0.08687	-0.03187	-5.15584	3.22925	0.99595	-0.08986	0.00069	0.08986	0.99595	-0.00146	-0.00056	0.00152	1.00000	
140	1.39000																		474.25530	-30.65287	70.41816	-0.08574	-0.03354	-5.16063	3.21230	0.99595	-0.08995	0.00072	0.08995	0.99595	-0.00144	-0.00059	0.00150	1.00000	
141	1.40000																		474.27069	-30.64937	70.45827	-0.08492	-0.03146	-5.15678	3.20611	0.99595	-0.08988	0.00068	0.08988	0.99595	-0.00143	-0.00055	0.00148	1.00000	
142	1.41000																		474.26541	-30.60067	70.47808	-0.08798	-0.03136	-5.15736	3.21302	0.99595	-0.08989	0.00068	0.08989	0.99595	-0.00148	-0.00055	0.00154	1.00000	
143	1.42000																		474.26341	-30.66270	70.46842	-0.08335	-0.03141	-5.15677	3.21620	0.99595	-0.08988	0.00068	0.08988	0.99595	-0.00140	-0.00055	0.00145	1.00000	
144	1.43000																		474.27225	-30.67316	70.42860	-0.08449	-0.02932	-5.15816	3.21294	0.99595	-0.08990	0.00064	0.08991	0.99595	-0.00142	-0.00051	0.00147	1.00000	
145	1.44000																		474.26734	-30.65157	70.46021	-0.08395	-0.03151	-5.15864	3.20850	0.99595	-0.08991	0.00068	0.08991	0.99595	-0.00141	-0.00055	0.00147	1.00000	
146	1.45000																		474.26769	-30.64434	70.45103	-0.08442	-0.03306	-5.15850	3.20686	0.99595	-0.08991	0.00071	0.08991	0.99595	-0.00142	-0.00058	0.00147	1.00000	
147	1.46000																		474.25575	-30.64475	70.43945	-0.08621	-0.02978	-5.15649	3.21105	0.99595	-0.08988	0.00065	0.08988	0.99595	-0.00145	-0.00052	0.00150	1.00000	
148	1.47000																		474.26087	-30.61629	70.45790	-0.08466	-0.02919	-5.15595	3.21098	0.99595	-0.08987	0.00064	0.08987	0.99595	-0.00143	-0.00051	0.00148	1.00000	
149	1.48000																		474.26029	-30.59490	70.50257	-0.08525	-0.03281	-5.15877	3.21775	0.99595	-0.08992	0.00070	0.08992	0.99595	-0.00143	-0.00057	0.00149	1.00000	
150	1.49000																		474.26897	-30.60681	70.48201	-0.08496	-0.03217	-5.15751	3.20797	0.99595	-0.08989	0.00069	0.08989	0.99595	-0.00143	-0.00056	0.00148	1.00000	
151	1.50000																		474.25634	-30.65531	70.41635	-0.08542	-0.03375	-5.15780	3.22244	0.99595	-0.08990	0.00072	0.08990	0.99595	-0.00143	-0.00059	0.00149	1.00000	
152	1.51000																		474.25464	-30.64405	70.43775	-0.08734	-0.03248	-5.15855	3.20918	0.99595	-0.08991	0.00070	0.08991	0.99595	-0.00147	-0.00057	0.00152	1.00000	
153	1.52000																		474.26659	-30.63601	70.45271	-0.08556	-0.03131	-5.15617	3.21010	0.99595	-0.08987	0.00068	0.08987	0.99595	-0.00144	-0.00055	0.00149	1.00000	
154	1.53000																		474.27259	-30.66367	70.44468	-0.08667	-0.03155	-5.15821	3.19320	0.99595	-0.08991	0.00068	0.08991	0.99595	-0.00146	-0.00055	0.00151	1.00000	
155	1.54000																		474.26268	-30.67156	70.43508	-0.08864	-0.03266	-5.15859	3.22181	0.99595	-0.08991	0.00071	0.08991	0.99595	-0.00149	-0.00057	0.00155	1.00000	
156	1.55000																		474.27139	-30.63047	70.47167	-0.08612	-0.03146	-5.15698	3.21217	0.99595	-0.08988	0.00068	0.08988	0.99595	-0.00145	-0.00055	0.00150	1.00000	
157	1.56000																		474.28963	-30.62186	70.47916	-0.08980	-0.02791	-5.15982	3.21605	0.99595	-0.08993	0.00063	0.08993	0.99595	-0.00152	-0.00049	0.00157	1.00000	
158	1.57000																		474.25495	-30.64271	70.43485	-0.08463	-0.03057	-5.15942	3.21046	0.99595	-0.08993	0.00066	0.08993	0.99595	-0.00142	-0.00053	0.00148	1.00000	
159	1.58000																		474.26156	-30.64170	70.42550	-0.08558	-0.03151	-5.15661	3.20718	0.99595	-0.08988	0.00068	0.08988	0.99595	-0.00144	-0.00055	0.00149	1.00000	
160	1.59000																		474.26636	-30.62142	70.47078	-0.08330	-0.03079	-5.15771	3.21697	0.99595	-0.08990	0.00067	0.08990	0.99595	-0.00140	-0.00054	0.00145	1.00000	
161	1.60000																		474.29268	-30.68833	70.43029	-0.08732	-0.03458	-5.15888	3.19936	0.99595	-0.08992	0.00074	0.08992	0.99595	-0.00146	-0.00060	0.00152	1.00000	
162	1.61000																		474.26080	-30.66570	70.44895	-0.08214	-0.03124	-5.15768	3.21147	0.99595	-0.08990	0.00067	0.08990	0.99595	-0.00138	-0.00055	0.00143	1.00000	
163	1.62000																		474.26053	-30.66156	70.42804	-0.08131	-0.03442	-5.15603	3.21648	0.99595	-0.08987	0.00073	0.08987	0.99595	-0.00136	-0.00060	0.00142	1.00000	
164	1.63000																		474.27060	-30.64659	70.46197	-0.08924	-0.02979	-5.15899	3.19560	0.99595	-0.08992	0.00066	0.08992	0.99595	-0.00150	-0.00052	0.00156	1.00000	
165	1.64000																		474.27547	-30.62355	70.48083	-0.08424	-0.03456	-5.15821	3.21423	0.99595	-0.08991	0.00073	0.08991	0.99595	-0.00141	-0.00060	0.00147	1.00000	
166	1.65000																		474.25759	-30.66637	70.44572	-0.08371	-0.03239	-5.15612	3.21283	0.99595	-0.08987	0.00069	0.08987	0.99595	-0.00140	-0.00057	0.00146	1.00000	
167	1.66000																		474.26949	-30.67159	70.43480	-0.08817	-0.02719	-5.15896	3.21692	0.99595	-0.08992	0.00061	0.08992	0.99595	-0.00149	-0.00047	0.00154	1.00000	
168	1.67000																		474.26159	-30.65125	70.46729	-0.08376	-0.03126	-5.15764	3.22116	0.99595	-0.08990	0.00067	0.08990	0.99595	-0.00141	-0.00055	0.00146	1.00000	
169	1.68000																		474.27163	-30.66937	70.44545	-0.08421	-0.03283	-5.15759	3.21442	0.99595	-0.08989	0.00070	0.08990	0.99595	-0.00141	-0.00057	0.00147	1.00000	
170	1.69000																		474.25738	-30.64796	70.43396	-0.08567	-0.03144	-5.15709	3.22356	0.99595	-0.08989	0.00068	0.08989	0.99595	-0.00144	-0.00055	0.00150	1.00000	
171	1.70000																		474.27336	-30.62027	70.47349	-0.08226	-0.02905	-5.15753	3.23237	0.99595	-0.08989	0.00063	0.08989	0.99595	-0.00138	-0.00051	0.00144	1.00000	
172	1.71000																		474.27342	-30.62347	70.47397	-0.08323	-0.03172	-5.15768	3.20013	0.99595	-0.08990	0.00068	0.08990	0.99595	-0.00140	-0.00055	0.00145	1.00000	
173	1.72000																		474.25878	-30.67149	70.44680	-0.08544	-0.02865	-5.15865	3.20744	0.99595	-0.08991	0.00063	0.08991	0.99595	-0.00144	-0.00050	0.00149	1.00000	
174	1.73000																		474.25636	-30.64922	70.47719	-0.08154	-0.03374	-5.15734	3.22343	0.99595	-0.08989	0.00071	0.08989	0.99595	-0.00136	-0.00059	0.00142	1.00000	
175	1.74000																		474.26523	-30.65966	70.46935	-0.08916	-0.03091	-5.16009	3.21020	0.99595	-0.08994	0.00068	0.08994	0.99595	-0.00150	-0.00054	0.00156	1.00000	
176	1.75000																		474.26313	-30.63854	70.45729	-0.08656	-0.03092	-5.15899	3.20870	0.99595	-0.08992	0.00067	0.08992	0.99595	-0.00146	-0.00054	0.00151	1.00000	
177	1.76000																		474.27374	-30.67651	70.42200	-0.08332	-0.03022	-5.15561	3.21730	0.99595	-0.08986	0.00066	0.08986	0.99595	-0.00140	-0.00053	0.00145	1.00000	
178	1.77000																		474.25108	-30.63111	70.43851	-0.08386	-0.03134	-5.15804	3.21398	0.99595	-0.08990	0.00068	0.08990	0.99595	-0.00141	-0.00055	0.00146	1.00000	
179	1.78000																		474.25733	-30.60714	70.47087	-0.08406	-0.03396	-5.15767	3.22031	0.99595	-0.08990	0.00072	0.08990	0.99595	-0.00141	-0.00059	0.00147	1.00000	
180	1.79000																		474.25982	-30.62511	70.46680	-0.08768	-0.03403	-5.15630	3.21422	0.99595	-0.08987	0.00073	0.08987	0.99595	-0.00147	-0.00059	0.00153	1.00000	
181	1.80000																		474.28411	-30.64996	70.44128	-0.08627	-0.02928	-5.16100	3.21815	0.99595	-0.08995	0.00064	0.08995	0.99594	-0.00145	-0.00051	0.00151	1.00000	
182	1.81000																		474.26822	-30.64151	70.48776	-0.08223	-0.03231	-5.15738	3.20941	0.99595	-0.08989	0.00069	0.08989	0.99595	-0.00138	-0.00056	0.00144	1.00000	
183	1.82000																		474.25513	-30.62019	70.47087	-0.08447	-0.03301	-5.15803	3.20773	0.99595	-0.08990	0.00071	0.08990	0.99595	-0.00142	-0.00058	0.00147	1.00000	
184	1.83000																		474.26122	-30.64432	70.43016	-0.08455	-0.03105	-5.15819	3.21493	0.99595	-0.08990	0.00067	0.08991	0.99595	-0.00142	-0.00054	0.00148	1.00000	
185	1.84000																		474.26133	-30.67195	70.40467	-0.08661	-0.02840	-5.15880	3.20995	0.99595	-0.08992	0.00063	0.08992	0.99595	-0.00146	-0.00050	0.00151	1.00000	
186	1.85000																		474.26484	-30.60538	70.49365	-0.08389	-0.03138	-5.15717	3.21505	0.99595	-0.08989	0.00068	0.08989	0.99595	-0.00141	-0.00055	0.00146	1.00000	
187	1.86000																		474.25429	-30.62204	70.48232	-0.08644	-0.03410	-5.15751	3.20462	0.99595	-0.08989	0.00073	0.08989	0.99595	-0.00145	-0.00060	0.00151	1.00000	
188	1.87000																		474.25954	-30.64719	70.43943	-0.08567	-0.03148	-5.15764	3.20961	0.99595	-0.08990	0.00068	0.08990	0.99595	-0.00144	-0.00055	0.00150	1.00000	
189	1.88000																		474.25379	-30.63109	70.44386	-0.08397	-0.02980	-5.15748	3.21910	0.99595	-0.08989	0.00065	0.08989	0.99595	-0.00141	-0.00052	0.00147	1.00000	
190	1.89000																		474.25450	-30.64292	70.43834	-0.08758	-0.03110	-5.15614	3.21246	0.99595	-0.08987	0.00068	0.08987	0.99595	-0.00147	-0.00054	0.00153	1.00000	
191	1.90000																		474.25667	-30.64072	70.43192	-0.08581	-0.02896	-5.15790	3.21439	0.99595	-0.08990	0.00064	0.08990	0.99595	-0.00145	-0.00051	0.00150	1.00000	
192	1.91000																		474.25363	-30.68137	70.43593	-0.08701	-0.02864	-5.15732	3.20824	0.99595	-0.08989	0.00063	0.08989	0.99595	-0.00147	-0.00050	0.00152	1.00000	
193	1.92000																		474.25037	-30.64737	70.45408	-0.08477	-0.03254	-5.15876	3.21775	0.99595	-0.08991	0.00070	0.08992	0.99595	-0.00142	-0.00057	0.00148	1.00000	
194	1.93000																		474.26702	-30.62288	70.46439	-0.08422	-0.03159	-5.15914	3.22520	0.99595	-0.08992	0.00068	0.08992	0.99595	-0.00141	-0.00055	0.00147	1.00000	
195	1.94000																		474.25241	-30.63363	70.45864	-0.08588	-0.03175	-5.15758	3.20538	0.99595	-0.08989	0.00069	0.08990	0.99595	-0.00144	-0.00055	0.00150	1.00000	
196	1.95000																		474.24973	-30.64135	70.43330	-0.08218	-0.03278	-5.15586	3.21550	0.99595	-0.08986	0.00070	0.08987	0.99595	-0.00138	-0.00057	0.00143	1.00000	
197	1.96000																		474.26664	-30.64148	70.45468	-0.08497	-0.03094	-5.15643	3.22425	0.99595	-0.08987	0.00067	0.08988	0.99595	-0.00143	-0.00054	0.00148	1.00000	
198	1.97000																		474.27028	-30.62956	70.46786	-0.08393	-0.03163	-5.15703	3.21302	0.99595	-0.08988	0.00068	0.08989	0.99595	-0.00141	-0.00055	0.00146	1.00000	
199	1.98000																		474.25296	-30.66559	70.42206	-0.08902	-0.02709	-5.16058	3.21979	0.99595	-0.08995	0.00061	0.08995	0.99595	-0.00150	-0.00047	0.00155	1.00000	
200	1.99000																		474.26166	-30.66896	70.44712	-0.08364	-0.02942	-5.15790	3.21691	0.99595	-0.08990	0.00064	0.08990	0.99595	-0.00141	-0.00051	0.00146	1.00000	
201	2.00000																		474.24929	-30.63046	70.47274	-0.08386	-0.03311	-5.15523	3.22041	0.99595	-0.08985	0.00071	0.08985	0.99595	-0.00141	-0.00058	0.00146	1.00000	
202	2.01000																		474.25829	-30.63658	70.44829	-0.08661	-0.03343	-5.15774	3.21735	0.99595	-0.08990	0.00072	0.08990	0.99595	-0.00145	-0.00058	0.00151	1.00000	
203	2.02000																		474.24696	-30.64694	70.42130	-0.08911	-0.03272	-5.15988	3.23024	0.99595	-0.08993	0.00071	0.08994	0.99595	-0.00150	-0.00057	0.00156	1.00000	
204	2.03000																		474.24456	-30.62891	70.45487	-0.08193	-0.03204	-5.15833	3.21225	0.99595	-0.08991	0.00069	0.08991	0.99595	-0.00137	-0.00056	0.00143	1.00000	
205	2.04000																		474.25750	-30.60717	70.48844	-0.08555	-0.03086	-5.15580	3.21924	0.99595	-0.08986	0.00067	0.08986	0.99595	-0.00144	-0.00054	0.00149	1.00000	
206	2.05000																		474.25047	-30.61288	70.45657	-0.08875	-0.02989	-5.15761	3.22055	0.99595	-0.08989	0.00066	0.08990	0.99595	-0.00150	-0.00052	0.00155	1.00000	
207	2.06000																		474.25631	-30.64814	70.42795	-0.08404	-0.03328	-5.15776	3.20676	0.99595	-0.08990	0.00071	0.08990	0.99595	-0.00141	-0.00058	0.00147	1.00000	
208	2.07000																		474.26207	-30.62235	70.45726	-0.08456	-0.03279	-5.15722	3.21984	0.99595	-0.08989	0.00070	0.08989	0.99595	-0.00142	-0.00057	0.00148	1.00000	
209	2.08000																		474.27056	-30.62459	70.44908	-0.08474	-0.03599	-5.15636	3.22734	0.99595	-0.08987	0.00076	0.08987	0.99595	-0.00142	-0.00063	0.00148	1.00000	
210	2.09000																		474.23470	-30.66068	70.41949	-0.08419	-0.03047	-5.15783	3.22279	0.99595	-0.08990	0.00066	0.08990	0.99595	-0.00142	-0.00053	0.00147	1.00000	
211	2.10000																		474.26470	-30.68970	70.41480	-0.08646	-0.02861	-5.15869	3.21496	0.99595	-0.08991	0.00063	0.08991	0.99595	-0.00146	-0.00050	0.00151	1.00000	
212	2.11000																		474.24528	-30.62955	70.47101	-0.08599	-0.03141	-5.15653	3.22701	0.99595	-0.08988	0.00068	0.08988	0.99595	-0.00145	-0.00055	0.00150	1.00000	
213	2.12000																		474.27111	-30.63354	70.47755	-0.08301	-0.02979	-5.15898	3.21330	0.99595	-0.08992	0.00065	0.08992	0.99595	-0.00140	-0.00052	0.00145	1.00000	
214	2.13000																		474.25096	-30.63822	70.44554	-0.08607	-0.03436	-5.15865	3.21405	0.99595	-0.08991	0.00073	0.08991	0.99595	-0.00144	-0.00060	0.00150	1.00000	
215	2.14000																		474.24588	-30.63202	70.47298	-0.08357	-0.03153	-5.15628	3.22204	0.99595	-0.08987	0.00068	0.08987	0.99595	-0.00140	-0.00055	0.00146	1.00000	
216	2.15000																		474.26113	-30.61722	70.49291	-0.08236	-0.03090	-5.15596	3.21737	0.99595	-0.08987	0.00067	0.08987	0.99595	-0.00138	-0.00054	0.00144	1.00000	
217	2.16000																		474.24921	-30.65877	70.44919	-0.08059	-0.03314	-5.15646	3.21487	0.99595	-0.08987	0.00070	0.08988	0.99595	-0.00135	-0.00058	0.00141	1.00000	
218	2.17000																		474.25078	-30.67844	70.41575	-0.08658	-0.02991	-5.15882	3.19649	0.99595	-0.08992	0.00066	0.08992	0.99595	-0.00146	-0.00052	0.00151	1.00000	
219	2.18000																		474.25114	-30.63758	70.46735	-0.08360	-0.03036	-5.16040	3.20399	0.99595	-0.08994	0.00066	0.08994	0.99595	-0.00141	-0.00053	0.00146	1.00000	
220	2.19000																		474.25978	-30.62935	70.46707	-0.08651	-0.03171	-5.15800	3.21562	0.99595	-0.08990	0.00069	0.08990	0.99595	-0.00145	-0.00055	0.00151	1.00000	
221	2.20000																		474.25705	-30.66835	70.43610	-0.08337	-0.03249	-5.15803	3.22234	0.99595	-0.08990	0.00070	0.08990	0.99595	-0.00140	-0.00057	0.00146	1.00000	
222	2.21000																		474.24648	-30.65455	70.42421	-0.08447	-0.03347	-5.15829	3.21939	0.99595	-0.08991	0.00071	0.08991	0.99595	-0.00142	-0.00058	0.00147	1.00000	
223	2.22000																		474.24247	-30.63834	70.46669	-0.08291	-0.03178	-5.15675	3.21544	0.99595	-0.08988	0.00068	0.08988	0.99595	-0.00139	-0.00055	0.00145	1.00000	
224	2.23000																		474.26799	-30.61468	70.49818	-0.08417	-0.03130	-5.15754	3.21651	0.99595	-0.08989	0.00068	0.08989	0.99595	-0.00141	-0.00055	0.00147	1.00000	
225	2.24000																		474.26588	-30.63435	70.45471	-0.08506	-0.02953	-5.15795	3.21508	0.99595	-0.08990	0.00065	0.08990	0.99595	-0.00143	-0.00052	0.00148	1.00000	
226	2.25000																		474.26730	-30.64644	70.43262	-0.08903	-0.03132	-5.16005	3.20696	0.99595	-0.08994	0.00068	0.08994	0.99595	-0.00150	-0.00055	0.00155	1.00000	
227	2.26000																		474.26103	-30.60871	70.44774	-0.08536	-0.02930	-5.15725	3.20565	0.99595	-0.08989	0.00064	0.08989	0.99595	-0.00144	-0.00051	0.00149	1.00000	
228	2.27000																		474.26824	-30.63818	70.44710	-0.08519	-0.03275	-5.15870	3.21161	0.99595	-0.08991	0.00070	0.08991	0.99595	-0.00143	-0.00057	0.00149	1.00000	
229	2.28000																		474.23404	-30.65831	70.41457	-0.08210	-0.03397	-5.15702	3.20709	0.99595	-0.08988	0.00072	0.08989	0.99595	-0.00137	-0.00059	0.00143	1.00000	
230	2.29000																		474.26240	-30.62252	70.47162	-0.08195	-0.03255	-5.15794	3.21653	0.99595	-0.08990	0.00069	0.08990	0.99595	-0.00137	-0.00057	0.00143	1.00000	
231	2.30000																		474.26575	-30.60779	70.50477	-0.08502	-0.03099	-5.15717	3.20869	0.99595	-0.08989	0.00067	0.08989	0.99595	-0.00143	-0.00054	0.00148	1.00000	
232	2.31000																		474.26058	-30.62586	70.45973	-0.08878	-0.02788	-5.16098	3.22025	0.99595	-0.08995	0.00062	0.08995	0.99594	-0.00150	-0.00049	0.00155	1.00000	
