NO_OF_FRAMES	1617
NO_OF_CAMERAS	8
NO_OF_BODIES	1
FREQUENCY	100
NO_OF_ANALOG	0
ANALOG_FREQUENCY	0
DESCRIPTION	--
TIME_STAMP	2022-08-11, 15:26:18.257	1141584.09130630
DATA_INCLUDED	6D
BODY_NAMES	Drone
BODY_FILTERS	No filter
TRANSLATION_ORIGIN	Global	
ROTATION_ORIGIN	Global	
Frame	Time	Drone X	Y	Z	Roll	Pitch	Yaw	Residual	Rot[0]	Rot[1]	Rot[2]	Rot[3]	Rot[4]	Rot[5]	Rot[6]	Rot[7]	Rot[8]	
721	7.20000	-88.58083	83.42632	1178.11393	-3.05437	1.00535	6.69311	0.66500	0.99303	0.11546	-0.02361	-0.11653	0.99188	-0.05088	0.01755	0.05328	0.99843	
722	7.21000	-90.63523	84.08370	1183.01450	-3.27059	0.89590	6.66091	0.62408	0.99313	0.11492	-0.02212	-0.11598	0.99174	-0.05486	0.01564	0.05704	0.99825	
723	7.22000	-92.67731	84.75309	1187.68909	-3.37694	0.92734	6.73621	0.65809	0.99297	0.11615	-0.02295	-0.11728	0.99148	-0.05660	0.01618	0.05890	0.99813	
724	7.23000	-94.65227	85.49542	1191.94718	-3.55516	1.05598	6.67864	0.64516	0.99305	0.11494	-0.02548	-0.11628	0.99144	-0.05945	0.01843	0.06200	0.99791	
725	7.24000	-96.57493	86.23650	1195.98593	-3.82300	1.12449	6.63480	0.64531	0.99311	0.11398	-0.02715	-0.11552	0.99124	-0.06397	0.01962	0.06666	0.99758	
726	7.25000	-98.48938	86.92888	1199.70744	-3.95494	1.15333	6.62620	0.65900	0.99312	0.11374	-0.02790	-0.11537	0.99111	-0.06619	0.02013	0.06896	0.99742	
727	7.26000	-100.29495	87.61166	1203.06573	-4.10841	1.14212	6.65094	0.67895	0.99307	0.11410	-0.02805	-0.11580	0.99088	-0.06886	0.01993	0.07163	0.99723	
728	7.27000	-101.92481	88.22801	1206.01964	-4.22529	1.18860	6.64841	0.68901	0.99306	0.11394	-0.02908	-0.11575	0.99075	-0.07079	0.02074	0.07366	0.99707	
729	7.28000	-103.64805	88.54390	1208.59827	-4.38132	1.31271	6.55461	0.64982	0.99320	0.11208	-0.03141	-0.11412	0.99076	-0.07329	0.02291	0.07637	0.99682	
730	7.29000	-104.99414	88.85385	1210.80504	-4.58153	1.36268	6.57830	0.68725	0.99314	0.11231	-0.03270	-0.11453	0.99046	-0.07664	0.02378	0.07985	0.99652	
731	7.30000	-106.05743	89.07596	1212.70127	-4.46962	1.58970	6.53010	0.65234	0.99313	0.11123	-0.03634	-0.11368	0.99074	-0.07428	0.02774	0.07790	0.99658	
732	7.31000	-106.81319	89.06818	1214.22593	-4.66045	1.87963	6.49570	0.64290	0.99305	0.11011	-0.04167	-0.11307	0.99060	-0.07703	0.03280	0.08121	0.99616	
733	7.32000	-107.35676	88.93297	1215.37804	-4.49340	2.36178	6.49851	0.64197	0.99273	0.10962	-0.04969	-0.11308	0.99089	-0.07319	0.04121	0.07828	0.99608	
734	7.33000	-107.66982	88.68778	1216.31843	-4.54543	2.72594	6.44009	0.68780	0.99257	0.10807	-0.05600	-0.11204	0.99099	-0.07343	0.04756	0.07916	0.99573	
735	7.34000	-107.96200	88.38559	1216.90006	-4.41848	3.09671	6.49629	0.65278	0.99213	0.10867	-0.06223	-0.11297	0.99110	-0.07045	0.05402	0.07693	0.99557	
736	7.35000	-108.22703	88.08083	1217.15892	-4.26849	3.32754	6.53308	0.68874	0.99183	0.10917	-0.06598	-0.11359	0.99124	-0.06736	0.05804	0.07430	0.99554	
737	7.36000	-108.46284	87.45873	1217.21046	-4.10324	3.66994	6.57333	0.65144	0.99139	0.10963	-0.07162	-0.11424	0.99140	-0.06377	0.06401	0.07141	0.99539	
738	7.37000	-108.51952	87.00391	1217.00254	-3.95320	4.00859	6.62812	0.67460	0.99089	0.11036	-0.07723	-0.11514	0.99151	-0.06043	0.06991	0.06877	0.99518	
739	7.38000	-108.47336	86.49531	1216.66282	-3.78670	4.36182	6.70329	0.66163	0.99029	0.11148	-0.08308	-0.11639	0.99158	-0.05673	0.07605	0.06585	0.99493	
740	7.39000	-108.39245	85.94845	1216.18019	-3.59889	4.57799	6.73475	0.67688	0.98993	0.11207	-0.08647	-0.11690	0.99173	-0.05300	0.07982	0.06257	0.99484	
741	7.40000	-108.23144	85.44595	1215.52296	-3.31524	4.78370	6.88393	0.62991	0.98933	0.11487	-0.08959	-0.11944	0.99171	-0.04743	0.08339	0.05763	0.99485	
742	7.41000	-107.97264	84.89369	1214.66116	-3.08905	4.98539	6.96178	0.65404	0.98887	0.11638	-0.09267	-0.12075	0.99175	-0.04297	0.08690	0.05368	0.99477	
743	7.42000	-107.53869	84.27699	1213.72978	-2.74289	5.19191	6.89636	0.68922	0.98869	0.11564	-0.09548	-0.11958	0.99215	-0.03665	0.09049	0.04766	0.99476	
744	7.43000	-107.16082	83.67637	1212.84935	-2.44203	5.57647	7.04337	0.64699	0.98776	0.11840	-0.10158	-0.12204	0.99206	-0.03038	0.09717	0.04241	0.99436	
745	7.44000	-106.82771	83.10060	1211.84370	-2.16202	5.69249	6.97181	0.58639	0.98771	0.11758	-0.10297	-0.12078	0.99235	-0.02542	0.09919	0.03754	0.99436	
746	7.45000	-106.54721	82.66127	1210.77247	-1.95544	6.02116	7.16267	0.62646	0.98672	0.12106	-0.10827	-0.12400	0.99206	-0.02078	0.10490	0.03393	0.99390	
747	7.46000	-106.34073	82.32865	1209.73464	-1.68623	6.04804	7.15453	0.64171	0.98669	0.12142	-0.10816	-0.12385	0.99217	-0.01608	0.10536	0.02926	0.99400	
748	7.47000	-106.22914	81.90913	1208.85445	-1.50957	5.99384	7.09572	0.63450	0.98692	0.12075	-0.10684	-0.12285	0.99234	-0.01325	0.10442	0.02620	0.99419	
749	7.48000	-106.12931	81.78732	1207.97955	-1.30742	6.26790	7.19659	0.66081	0.98619	0.12277	-0.11115	-0.12453	0.99218	-0.00896	0.10918	0.02268	0.99376	
750	7.49000	-106.15770	81.54892	1207.04556	-1.16961	6.15376	7.16017	0.65367	0.98648	0.12245	-0.10888	-0.12393	0.99227	-0.00689	0.10720	0.02029	0.99403	
751	7.50000	-106.20315	81.49888	1206.36421	-1.09191	5.94112	7.13857	0.64574	0.98692	0.12229	-0.10505	-0.12360	0.99231	-0.00605	0.10351	0.01895	0.99445	
752	7.51000	-106.28051	81.51386	1205.72181	-0.82897	5.78467	7.08972	0.70601	0.98730	0.12196	-0.10179	-0.12279	0.99243	-0.00192	0.10079	0.01439	0.99480	
753	7.52000	-106.30137	81.62965	1205.24255	-0.87690	5.80472	7.13326	0.67457	0.98717	0.12263	-0.10224	-0.12354	0.99234	-0.00263	0.10114	0.01523	0.99476	
754	7.53000	-106.43239	81.71968	1204.73211	-0.61679	5.67670	7.11861	0.64787	0.98743	0.12286	-0.09948	-0.12332	0.99237	0.00158	0.09892	0.01071	0.99504	
755	7.54000	-106.28043	81.90913	1204.33531	-0.55601	5.49764	7.05807	0.63670	0.98786	0.12195	-0.09627	-0.12231	0.99249	0.00214	0.09580	0.00966	0.99535	
756	7.55000	-106.20488	81.97683	1204.01088	-0.34948	5.38804	7.01238	0.65015	0.98813	0.12151	-0.09394	-0.12154	0.99257	0.00541	0.09390	0.00607	0.99556	
757	7.56000	-105.82953	82.21184	1203.66631	-0.38743	5.21671	6.91496	0.66015	0.98861	0.11978	-0.09107	-0.11990	0.99278	0.00423	0.09092	0.00673	0.99584	
758	7.57000	-105.42779	82.32668	1203.39784	-0.25385	5.22866	6.85896	0.68751	0.98871	0.11902	-0.09101	-0.11893	0.99288	0.00648	0.09113	0.00441	0.99583	
759	7.58000	-104.90774	82.41233	1203.15404	-0.16535	5.19219	6.81731	0.66838	0.98886	0.11844	-0.09020	-0.11822	0.99296	0.00788	0.09050	0.00287	0.99589	
760	7.59000	-104.29511	82.61567	1202.91430	0.09316	5.14071	6.69586	0.68236	0.98918	0.11674	-0.08880	-0.11613	0.99316	0.01206	0.08960	-0.00162	0.99598	
761	7.60000	-103.59858	82.75599	1202.77572	0.28867	5.09666	6.62820	0.64169	0.98939	0.11587	-0.08766	-0.11497	0.99325	0.01526	0.08884	-0.00502	0.99603	
762	7.61000	-102.75031	82.91897	1202.55581	0.57197	5.13620	6.51624	0.58972	0.98955	0.11437	-0.08781	-0.11303	0.99339	0.02008	0.08952	-0.00994	0.99594	
763	7.62000	-101.74750	83.16293	1202.30802	0.71332	5.25404	6.40533	0.60845	0.98958	0.11269	-0.08960	-0.11109	0.99355	0.02259	0.09157	-0.01240	0.99572	
764	7.63000	-100.64759	83.45341	1202.13088	0.91081	5.36624	6.22313	0.61460	0.98975	0.10986	-0.09124	-0.10793	0.99382	0.02594	0.09352	-0.01583	0.99549	
765	7.64000	-99.48451	83.75692	1202.01109	0.97576	5.43417	6.06073	0.62779	0.98994	0.10717	-0.09236	-0.10511	0.99410	0.02693	0.09470	-0.01695	0.99536	
766	7.65000	-98.22455	84.17761	1201.77291	1.27221	5.47872	5.85140	0.65514	0.99025	0.10403	-0.09269	-0.10148	0.99433	0.03182	0.09548	-0.02210	0.99519	
767	7.66000	-96.99120	84.52575	1201.71615	1.34159	5.57180	5.68706	0.64958	0.99038	0.10133	-0.09427	-0.09863	0.99458	0.03292	0.09709	-0.02330	0.99500	
768	7.67000	-95.66045	84.93690	1201.59167	1.58428	5.63783	5.52445	0.61897	0.99054	0.09894	-0.09508	-0.09580	0.99471	0.03697	0.09824	-0.02751	0.99478	
769	7.68000	-94.33547	85.52872	1201.44315	1.75895	5.64009	5.21732	0.67175	0.99104	0.09389	-0.09503	-0.09049	0.99511	0.03950	0.09828	-0.03055	0.99469	
770	7.69000	-93.02113	86.22656	1201.39788	1.92792	5.62736	5.04300	0.66659	0.99133	0.09114	-0.09467	-0.08748	0.99528	0.04213	0.09806	-0.03348	0.99462	
771	7.70000	-91.65070	87.01276	1201.36426	1.98938	5.60950	4.72715	0.66712	0.99183	0.08574	-0.09450	-0.08202	0.99572	0.04265	0.09775	-0.03455	0.99461	
772	7.71000	-90.35301	87.84421	1201.40820	2.15673	5.66385	4.59047	0.67016	0.99193	0.08368	-0.09529	-0.07964	0.99579	0.04541	0.09869	-0.03745	0.99441	
773	7.72000	-88.98169	88.74943	1201.50093	2.26006	5.71372	4.37766	0.64863	0.99213	0.08019	-0.09618	-0.07595	0.99601	0.04691	0.09956	-0.03924	0.99426	
774	7.73000	-87.67405	89.71890	1201.66161	2.24587	5.76115	4.20616	0.62709	0.99227	0.07721	-0.09716	-0.07298	0.99625	0.04644	0.10038	-0.03899	0.99418	
775	7.74000	-86.28567	90.85670	1201.83834	2.35054	5.70671	4.00853	0.67995	0.99261	0.07391	-0.09624	-0.06956	0.99643	0.04786	0.09944	-0.04081	0.99421	
776	7.75000	-85.00937	92.10829	1202.09456	2.36135	5.73992	3.78355	0.67608	0.99282	0.07004	-0.09699	-0.06566	0.99670	0.04771	0.10001	-0.04100	0.99414	
777	7.76000	-83.75981	93.42096	1202.42762	2.39988	5.71780	3.62240	0.68268	0.99304	0.06729	-0.09670	-0.06287	0.99686	0.04808	0.09963	-0.04167	0.99415	
778	7.77000	-82.58455	94.93589	1202.80305	2.44083	5.65091	3.49114	0.67150	0.99329	0.06502	-0.09560	-0.06060	0.99698	0.04850	0.09847	-0.04238	0.99424	
779	7.78000	-81.51550	96.35363	1203.18840	2.35158	5.60988	3.43939	0.62656	0.99342	0.06395	-0.09503	-0.05971	0.99712	0.04682	0.09775	-0.04083	0.99437	
780	7.79000	-80.41688	97.91698	1203.64286	2.34363	5.45240	3.28746	0.56606	0.99384	0.06118	-0.09244	-0.05709	0.99730	0.04627	0.09502	-0.04071	0.99464	
781	7.80000	-79.34501	99.69959	1204.02464	2.27656	5.46265	3.24733	0.62413	0.99386	0.06038	-0.09272	-0.05639	0.99739	0.04505	0.09520	-0.03954	0.99467	
782	7.81000	-78.23856	101.64382	1204.39269	2.12588	5.23873	3.15256	0.71211	0.99432	0.05834	-0.08906	-0.05477	0.99761	0.04206	0.09131	-0.03694	0.99514	
783	7.82000	-77.12429	103.52787	1204.81875	2.02984	5.20255	3.13493	0.66338	0.99439	0.05786	-0.08855	-0.05446	0.99770	0.04032	0.09068	-0.03527	0.99526	
784	7.83000	-75.94711	105.67646	1205.17100	1.89883	5.02152	3.00810	0.70102	0.99479	0.05534	-0.08562	-0.05228	0.99792	0.03768	0.08753	-0.03301	0.99561	
785	7.84000	-74.75797	107.85705	1205.48940	1.73284	4.85707	2.95928	0.70085	0.99508	0.05416	-0.08296	-0.05144	0.99808	0.03457	0.08467	-0.03013	0.99595	
786	7.85000	-73.47473	110.28385	1205.77576	1.59778	4.66488	2.96016	0.70808	0.99536	0.05389	-0.07975	-0.05147	0.99816	0.03204	0.08133	-0.02779	0.99630	
787	7.86000	-72.14277	112.63986	1206.09774	1.40593	4.51835	2.90803	0.60776	0.99561	0.05265	-0.07741	-0.05058	0.99831	0.02850	0.07878	-0.02446	0.99659	
788	7.87000	-70.62103	115.28517	1206.32953	1.14676	4.50273	3.01164	0.62065	0.99554	0.05410	-0.07733	-0.05238	0.99834	0.02411	0.07851	-0.01995	0.99671	
789	7.88000	-68.99296	118.15999	1206.50367	0.88932	4.26309	2.91618	0.66084	0.99594	0.05202	-0.07344	-0.05073	0.99853	0.01928	0.07434	-0.01548	0.99711	
790	7.89000	-67.27081	121.12663	1206.62457	0.64926	4.20893	2.94798	0.66089	0.99598	0.05226	-0.07271	-0.05129	0.99857	0.01509	0.07339	-0.01130	0.99724	
791	7.90000	-65.39998	124.13934	1206.70999	0.30050	4.19174	3.07393	0.60549	0.99589	0.05401	-0.07271	-0.05348	0.99853	0.00916	0.07309	-0.00523	0.99731	
792	7.91000	-63.40678	127.28524	1206.74984	-0.09948	4.15556	3.17864	0.62932	0.99584	0.05532	-0.07245	-0.05530	0.99847	0.00228	0.07246	0.00173	0.99737	
793	7.92000	-61.32035	130.57347	1206.73547	-0.30226	4.05006	3.24474	0.62736	0.99590	0.05623	-0.07081	-0.05646	0.99840	-0.00127	0.07063	0.00526	0.99749	
794	7.93000	-59.13643	134.11667	1206.66318	-0.61908	3.90298	3.23150	0.70156	0.99609	0.05563	-0.06856	-0.05624	0.99839	-0.00695	0.06807	0.01078	0.99762	
795	7.94000	-56.85381	137.52596	1206.62432	-0.99474	3.98622	3.28042	0.62897	0.99595	0.05601	-0.07039	-0.05708	0.99828	-0.01335	0.06952	0.01732	0.99743	
796	7.95000	-54.44108	141.09279	1206.52707	-1.19502	3.87401	3.46369	0.59577	0.99589	0.05900	-0.06868	-0.06028	0.99804	-0.01674	0.06756	0.02081	0.99750	
797	7.96000	-52.04921	144.78113	1206.49447	-1.62260	3.84164	3.49987	0.61570	0.99589	0.05913	-0.06858	-0.06091	0.99785	-0.02417	0.06700	0.02825	0.99735	
798	7.97000	-49.46396	148.62849	1206.47326	-1.91789	3.80251	3.59974	0.64730	0.99583	0.06054	-0.06825	-0.06265	0.99761	-0.02924	0.06632	0.03339	0.99724	
799	7.98000	-46.91359	152.34654	1206.45957	-2.22117	3.87115	3.70254	0.63580	0.99564	0.06192	-0.06982	-0.06443	0.99733	-0.03432	0.06751	0.03867	0.99697	
800	7.99000	-44.25598	156.24392	1206.31861	-2.67116	3.91578	3.79389	0.65012	0.99548	0.06292	-0.07115	-0.06601	0.99693	-0.04199	0.06829	0.04649	0.99658	
801	8.00000	-41.58540	160.24714	1206.41293	-2.83311	3.81139	3.91174	0.64697	0.99546	0.06486	-0.06961	-0.06807	0.99668	-0.04478	0.06647	0.04932	0.99657	
802	8.01000	-38.86103	164.27934	1206.41252	-3.02099	3.73827	4.01882	0.64513	0.99542	0.06656	-0.06864	-0.06993	0.99640	-0.04801	0.06520	0.05259	0.99649	
803	8.02000	-36.12005	168.36658	1206.44413	-3.38093	3.75769	3.99702	0.65375	0.99542	0.06573	-0.06937	-0.06955	0.99610	-0.05427	0.06554	0.05885	0.99611	
804	8.03000	-33.37245	172.52929	1206.48037	-3.61841	3.73476	4.10280	0.61831	0.99532	0.06730	-0.06936	-0.07139	0.99574	-0.05830	0.06514	0.06298	0.99589	
805	8.04000	-30.52679	176.82563	1206.64985	-3.89676	3.76093	4.14819	0.62223	0.99523	0.06772	-0.07019	-0.07218	0.99540	-0.06305	0.06559	0.06781	0.99554	
806	8.05000	-27.73673	181.15911	1206.79913	-4.02843	3.80689	4.23149	0.62519	0.99507	0.06895	-0.07123	-0.07362	0.99515	-0.06517	0.06639	0.07010	0.99533	
807	8.06000	-24.95767	185.53921	1207.05515	-4.30282	3.76648	4.27319	0.63215	0.99507	0.06939	-0.07091	-0.07435	0.99478	-0.06994	0.06569	0.07487	0.99503	
808	8.07000	-22.13828	190.00559	1207.29369	-4.55175	3.75877	4.35633	0.60986	0.99497	0.07053	-0.07119	-0.07580	0.99436	-0.07417	0.06556	0.07919	0.99470	
809	8.08000	-19.32118	194.61516	1207.56423	-4.75969	3.64072	4.38769	0.61314	0.99506	0.07099	-0.06944	-0.07635	0.99403	-0.07789	0.06350	0.08281	0.99454	
810	8.09000	-16.58109	199.25746	1207.85495	-5.07997	3.55901	4.51076	0.59294	0.99498	0.07286	-0.06860	-0.07849	0.99342	-0.08341	0.06208	0.08838	0.99415	
811	8.10000	-13.80989	204.08086	1208.23304	-5.22949	3.45554	4.46022	0.60229	0.99516	0.07197	-0.06693	-0.07763	0.99325	-0.08620	0.06027	0.09098	0.99403	
812	8.11000	-10.98736	208.99548	1208.63428	-5.45958	3.33806	4.52431	0.62294	0.99519	0.07300	-0.06529	-0.07875	0.99280	-0.09027	0.05823	0.09498	0.99377	
813	8.12000	-8.16689	214.01768	1209.03955	-5.59262	3.29054	4.55953	0.60041	0.99519	0.07354	-0.06469	-0.07936	0.99253	-0.09261	0.05740	0.09729	0.99360	
814	8.13000	-5.27723	219.18328	1209.44144	-5.77282	3.20744	4.58403	0.60221	0.99524	0.07391	-0.06353	-0.07980	0.99220	-0.09581	0.05595	0.10043	0.99337	
815	8.14000	-2.39516	224.44497	1209.83212	-6.03566	3.07719	4.69103	0.61625	0.99521	0.07570	-0.06180	-0.08166	0.99159	-0.10043	0.05368	0.10500	0.99302	
816	8.15000	0.46318	229.86429	1210.23807	-6.26775	2.92883	4.70065	0.62009	0.99533	0.07590	-0.05957	-0.08184	0.99114	-0.10465	0.05110	0.10903	0.99272	
817	8.16000	3.33629	235.35681	1210.68310	-6.36158	2.90196	4.76987	0.61244	0.99526	0.07705	-0.05935	-0.08305	0.99087	-0.10623	0.05063	0.11066	0.99257	
818	8.17000	6.23338	240.95852	1211.08605	-6.60207	2.74996	4.85413	0.61883	0.99527	0.07856	-0.05722	-0.08452	0.99027	-0.11053	0.04798	0.11484	0.99222	
819	8.18000	9.12357	246.68969	1211.46698	-6.83531	2.62905	4.91340	0.60543	0.99528	0.07960	-0.05557	-0.08556	0.98971	-0.11468	0.04587	0.11889	0.99185	
820	8.19000	12.12472	252.55303	1211.85420	-7.07480	2.59208	5.06420	0.61148	0.99508	0.08205	-0.05558	-0.08818	0.98900	-0.11872	0.04522	0.12304	0.99137	
821	8.20000	15.10427	258.47412	1212.21179	-7.23652	2.53438	5.09859	0.60763	0.99507	0.08261	-0.05489	-0.08878	0.98860	-0.12157	0.04422	0.12584	0.99106	
822	8.21000	18.00938	264.39176	1212.59050	-7.37134	2.40417	5.26440	0.59469	0.99491	0.08563	-0.05320	-0.09167	0.98805	-0.12394	0.04195	0.12819	0.99086	
823	8.22000	21.02340	270.41970	1212.99461	-7.53691	2.28177	5.40003	0.59297	0.99477	0.08810	-0.05164	-0.09403	0.98745	-0.12687	0.03981	0.13106	0.99057	
824	8.23000	24.05023	276.51595	1213.37166	-7.65010	2.23189	5.56035	0.57950	0.99454	0.09087	-0.05131	-0.09682	0.98694	-0.12876	0.03894	0.13302	0.99035	
825	8.24000	27.12461	282.67976	1213.75420	-7.78597	2.14094	5.66919	0.58984	0.99441	0.09284	-0.05022	-0.09872	0.98643	-0.13115	0.03736	0.13538	0.99009	
826	8.25000	30.29945	288.97219	1214.07349	-7.92205	2.09741	5.76919	0.58123	0.99427	0.09454	-0.04992	-0.10045	0.98595	-0.13348	0.03660	0.13773	0.98979	
827	8.26000	33.49634	295.20312	1214.33146	-8.06559	1.99491	5.94364	0.59403	0.99402	0.09767	-0.04881	-0.10349	0.98529	-0.13598	0.03481	0.14022	0.98951	
828	8.27000	36.73512	301.57791	1214.69771	-8.16961	1.93376	6.10203	0.62148	0.99377	0.10045	-0.04832	-0.10624	0.98475	-0.13775	0.03374	0.14202	0.98929	
829	8.28000	40.00277	307.93717	1215.03355	-8.20798	1.92632	6.24870	0.59477	0.99350	0.10296	-0.04861	-0.10878	0.98440	-0.13830	0.03361	0.14269	0.98920	
830	8.29000	43.28720	314.37544	1215.33938	-8.34821	1.89698	6.40258	0.58176	0.99322	0.10556	-0.04874	-0.11145	0.98377	-0.14063	0.03310	0.14511	0.98886	
831	8.30000	46.64209	320.87313	1215.59749	-8.41282	1.86811	6.49489	0.60048	0.99305	0.10716	-0.04859	-0.11305	0.98343	-0.14172	0.03260	0.14623	0.98871	
832	8.31000	49.97790	327.38743	1215.92477	-8.46380	1.84607	6.71016	0.58448	0.99263	0.11087	-0.04884	-0.11679	0.98289	-0.14245	0.03221	0.14711	0.98860	
833	8.32000	53.29046	333.84297	1216.26919	-8.54720	1.83328	6.84553	0.58307	0.99236	0.11315	-0.04913	-0.11913	0.98241	-0.14379	0.03199	0.14855	0.98839	
834	8.33000	56.56623	340.40864	1216.65932	-8.59231	1.70750	7.02062	0.60307	0.99206	0.11644	-0.04750	-0.12217	0.98191	-0.14468	0.02980	0.14934	0.98834	
835	8.34000	59.90712	346.97235	1217.05551	-8.73709	1.68643	7.16373	0.55794	0.99176	0.11882	-0.04780	-0.12465	0.98124	-0.14709	0.02943	0.15183	0.98797	
836	8.35000	63.23006	353.56463	1217.43721	-8.77433	1.48098	7.29696	0.55710	0.99157	0.12161	-0.04471	-0.12697	0.98079	-0.14806	0.02585	0.15249	0.98797	
837	8.36000	66.58059	360.08784	1217.74018	-8.76768	1.38270	7.39233	0.58362	0.99140	0.12351	-0.04326	-0.12863	0.98057	-0.14809	0.02413	0.15238	0.98803	
838	8.37000	69.94329	366.73962	1218.13028	-8.77610	1.25893	7.53020	0.59938	0.99114	0.12619	-0.04152	-0.13102	0.98021	-0.14841	0.02197	0.15254	0.98805	
839	8.38000	73.35930	373.41806	1218.51527	-8.69088	1.21178	7.67009	0.61907	0.99083	0.12877	-0.04089	-0.13344	0.98010	-0.14696	0.02115	0.15107	0.98830	
840	8.39000	76.80698	380.05213	1218.92038	-8.73559	1.18065	7.76402	0.61704	0.99062	0.13043	-0.04070	-0.13506	0.97976	-0.14773	0.02060	0.15184	0.98819	
841	8.40000	80.36822	386.78665	1219.37123	-8.69211	1.02559	7.83763	0.57527	0.99050	0.13212	-0.03814	-0.13634	0.97965	-0.14730	0.01790	0.15110	0.98836	
842	8.41000	83.98252	393.51581	1219.63160	-8.65842	0.97753	8.00279	0.57247	0.99012	0.13509	-0.03766	-0.13920	0.97933	-0.14673	0.01706	0.15052	0.98846	
843	8.42000	87.71891	400.28798	1219.91731	-8.48958	0.97100	8.15195	0.52363	0.98975	0.13777	-0.03753	-0.14178	0.97940	-0.14376	0.01695	0.14761	0.98890	
844	8.43000	91.53878	407.17230	1220.12931	-8.53602	1.07419	8.33008	0.58461	0.98928	0.14052	-0.03985	-0.14485	0.97889	-0.14418	0.01875	0.14841	0.98875	
845	8.44000	95.41265	414.02586	1220.43587	-8.53055	1.02726	8.51749	0.59717	0.98881	0.14384	-0.03950	-0.14809	0.97842	-0.14407	0.01793	0.14831	0.98878	
846	8.45000	99.40037	420.95420	1220.62760	-8.34606	0.92376	8.61858	0.59841	0.98858	0.14596	-0.03752	-0.14984	0.97859	-0.14112	0.01612	0.14513	0.98928	
847	8.46000	103.39299	427.91387	1220.78729	-8.19805	0.74359	8.72527	0.57732	0.98834	0.14832	-0.03433	-0.15168	0.97861	-0.13900	0.01298	0.14258	0.98970	
848	8.47000	107.54915	435.04189	1220.92032	-8.21052	1.01116	8.89459	0.58686	0.98782	0.15054	-0.03934	-0.15459	0.97824	-0.13839	0.01765	0.14279	0.98960	
849	8.48000	111.70179	442.07598	1221.02846	-8.01468	0.95493	9.08128	0.58286	0.98733	0.15400	-0.03830	-0.15781	0.97819	-0.13507	0.01667	0.13941	0.99009	
850	8.49000	115.94355	449.31421	1220.93332	-7.99891	0.97242	9.23132	0.60473	0.98691	0.15653	-0.03891	-0.16040	0.97782	-0.13466	0.01697	0.13913	0.99013	
851	8.50000	120.21443	456.62636	1221.05128	-7.86263	0.91830	9.27347	0.59188	0.98680	0.15747	-0.03771	-0.16113	0.97801	-0.13245	0.01603	0.13678	0.99047	
852	8.51000	124.59025	464.06713	1220.93642	-7.64119	0.89033	9.53597	0.57843	0.98606	0.16216	-0.03722	-0.16565	0.97777	-0.12858	0.01554	0.13295	0.99100	
853	8.52000	128.95116	471.46404	1220.69555	-7.76092	0.85756	9.79779	0.60339	0.98530	0.16662	-0.03759	-0.17015	0.97673	-0.13055	0.01497	0.13502	0.99073	
854	8.53000	133.45632	479.00029	1220.44880	-7.57500	0.72918	10.08772	0.58034	0.98446	0.17198	-0.03551	-0.17514	0.97624	-0.12758	0.01273	0.13181	0.99119	
855	8.54000	137.97093	486.62087	1220.20336	-7.49454	0.71940	10.40654	0.55890	0.98347	0.17748	-0.03580	-0.18062	0.97544	-0.12604	0.01256	0.13042	0.99138	
856	8.55000	142.43096	494.08245	1219.81915	-7.53722	0.64486	10.64883	0.59551	0.98272	0.18174	-0.03520	-0.18478	0.97456	-0.12685	0.01125	0.13116	0.99130	
857	8.56000	147.06147	501.81953	1219.37910	-7.40903	0.57901	10.92536	0.58704	0.98182	0.18667	-0.03428	-0.18952	0.97392	-0.12472	0.01011	0.12895	0.99160	
858	8.57000	151.83495	509.68875	1218.92964	-7.44533	0.48015	11.13017	0.59397	0.98116	0.19035	-0.03317	-0.19303	0.97313	-0.12554	0.00838	0.12958	0.99153	
859	8.58000	156.66896	517.55259	1218.37615	-7.27972	0.41971	11.38208	0.55605	0.98031	0.19485	-0.03213	-0.19735	0.97261	-0.12279	0.00733	0.12671	0.99191	
860	8.59000	161.58929	525.47294	1217.89023	-7.27486	0.35468	11.74097	0.59064	0.97906	0.20108	-0.03178	-0.20348	0.97136	-0.12273	0.00619	0.12663	0.99193	
861	8.60000	166.59295	533.54575	1217.17565	-7.04434	0.38749	11.85177	0.63646	0.97866	0.20302	-0.03176	-0.20538	0.97146	-0.11864	0.00676	0.12263	0.99243	
862	8.61000	171.66535	541.52045	1216.59749	-7.18793	0.25172	12.08434	0.66912	0.97783	0.20717	-0.03046	-0.20935	0.97027	-0.12144	0.00439	0.12512	0.99213	
863	8.62000	176.82606	549.54374	1215.99354	-7.03530	0.24152	12.36448	0.68070	0.97680	0.21201	-0.03031	-0.21413	0.96956	-0.11874	0.00422	0.12248	0.99246	
864	8.63000	182.02931	557.57594	1215.37385	-7.07492	0.17664	12.53907	0.70213	0.97614	0.21508	-0.02973	-0.21710	0.96880	-0.11957	0.00308	0.12317	0.99238	
865	8.64000	187.38633	565.64092	1214.79400	-6.95633	0.10196	12.82821	0.68823	0.97504	0.22018	-0.02861	-0.22203	0.96791	-0.11770	0.00178	0.12111	0.99264	
866	8.65000	192.78443	573.76900	1214.03545	-6.83245	-0.01414	13.09190	0.75284	0.97401	0.22493	-0.02671	-0.22651	0.96708	-0.11593	-0.00025	0.11897	0.99290	
867	8.66000	198.21632	581.85962	1213.51387	-6.91506	-0.04323	13.31128	0.70826	0.97313	0.22865	-0.02699	-0.23024	0.96603	-0.11734	-0.00075	0.12040	0.99273	
868	8.67000	203.74535	589.89428	1212.84335	-6.67208	-0.05718	13.70430	0.74582	0.97153	0.23542	-0.02656	-0.23691	0.96492	-0.11311	-0.00100	0.11619	0.99323	
869	8.68000	209.22106	597.85348	1212.33282	-6.62421	-0.17271	13.79674	0.72126	0.97114	0.23722	-0.02460	-0.23848	0.96458	-0.11274	-0.00301	0.11536	0.99332	
870	8.69000	214.75882	605.82876	1211.77008	-6.52528	-0.20854	14.10044	0.75503	0.96986	0.24245	-0.02418	-0.24362	0.96349	-0.11110	-0.00364	0.11364	0.99352	
871	8.70000	220.46167	613.84988	1211.26978	-6.31867	-0.35974	14.35817	0.73404	0.96875	0.24715	-0.02125	-0.24798	0.96271	-0.10817	-0.00628	0.11006	0.99391	
872	8.71000	227.20142	621.96572	1211.03178	-5.79007	-0.17425	13.28126	1.00791	0.97325	0.22886	-0.02023	-0.22973	0.96822	-0.09888	-0.00304	0.10088	0.99489	
873	8.72000	232.96458	629.94366	1210.53060	-5.63435	-0.31820	13.48946	0.99138	0.97240	0.23267	-0.01753	-0.23326	0.96759	-0.09676	-0.00555	0.09818	0.99515	
874	8.73000	238.85038	638.02020	1210.16169	-5.43445	-0.42616	13.61632	1.09792	0.97187	0.23505	-0.01510	-0.23541	0.96736	-0.09379	-0.00744	0.09470	0.99548	
875	8.74000	244.69371	646.11321	1209.80318	-5.31489	-0.45079	13.95065	1.01925	0.97047	0.24076	-0.01473	-0.24108	0.96616	-0.09179	-0.00787	0.09263	0.99567	
876	8.75000	250.66075	654.23802	1209.48929	-5.16947	-0.69139	14.21217	1.03945	0.96932	0.24557	-0.01047	-0.24550	0.96518	-0.09029	-0.01207	0.09010	0.99586	
877	8.76000	256.63012	662.50759	1209.32013	-4.97341	-0.45868	14.41225	1.03954	0.96850	0.24863	-0.01385	-0.24889	0.96471	-0.08595	-0.00801	0.08669	0.99620	
878	8.77000	262.64002	670.75677	1209.03163	-4.78466	-0.62170	14.72725	1.01443	0.96709	0.25421	-0.01075	-0.25420	0.96355	-0.08342	-0.01085	0.08341	0.99646	
879	8.78000	269.59061	676.96353	1208.65081	-5.74352	-1.28453	17.53804	3.24488	0.95328	0.30197	-0.00889	-0.30126	0.94805	-0.10214	-0.02242	0.10005	0.99473	
880	8.79000	274.78724	687.57878	1208.79991	-4.75338	-0.63962	15.28872	1.04454	0.96455	0.26367	-0.01112	-0.26367	0.96105	-0.08287	-0.01116	0.08286	0.99650	
881	8.80000	280.87736	696.16836	1208.94924	-4.61056	-0.42932	15.62006	1.04959	0.96304	0.26897	-0.01445	-0.26925	0.95979	-0.07942	-0.00749	0.08038	0.99674	
882	8.81000	287.68022	702.82104	1208.84605	-5.48544	-1.21586	18.36688	3.06529	0.94884	0.31558	-0.01008	-0.31503	0.94407	-0.09738	-0.02122	0.09557	0.99520	
883	8.82000	293.76213	711.87204	1208.97622	-5.14509	-1.00251	18.13751	2.51997	0.95017	0.31154	-0.01136	-0.31125	0.94599	-0.09065	-0.01750	0.08966	0.99582	
884	8.83000	299.09854	721.97486	1209.51113	-4.26284	-0.19873	17.47198	0.78757	0.95386	0.29965	-0.01902	-0.30024	0.95115	-0.07194	-0.00347	0.07433	0.99723	
885	8.84000	306.17219	728.97409	1209.78942	-5.26630	-0.78444	19.28706	3.02137	0.94379	0.33009	-0.01745	-0.33027	0.93948	-0.09114	-0.01369	0.09178	0.99569	
886	8.85000	312.29147	737.76310	1210.15224	-5.08339	-0.68420	19.49900	3.04206	0.94258	0.33347	-0.01836	-0.33377	0.93859	-0.08749	-0.01194	0.08860	0.99600	
887	8.86000	318.14636	746.98378	1210.72994	-4.79008	-0.56468	19.39061	2.50024	0.94323	0.33162	-0.01846	-0.33199	0.93971	-0.08203	-0.00986	0.08350	0.99646	
888	8.87000	323.72339	755.22491	1211.45096	-4.87567	-0.43313	20.90895	2.85271	0.93412	0.35619	-0.02330	-0.35687	0.93054	-0.08208	-0.00756	0.08499	0.99635	
889	8.88000	330.05005	764.56851	1212.14276	-4.75668	-0.46063	20.01779	2.65442	0.93956	0.34176	-0.02086	-0.34230	0.93612	-0.08066	-0.00804	0.08292	0.99652	
890	8.89000	335.00079	774.59555	1213.04535	-4.33485	0.04325	19.64771	1.06513	0.94178	0.33522	-0.02612	-0.33624	0.93910	-0.07093	0.00075	0.07559	0.99714	
891	8.90000	341.31755	783.79538	1213.71465	-4.75445	0.20106	18.81982	1.51393	0.94653	0.32121	-0.03005	-0.32259	0.94337	-0.07733	0.00351	0.08289	0.99655	
892	8.91000	347.17780	792.68771	1214.61645	-4.79392	0.14917	19.18547	1.59538	0.94446	0.32727	-0.02991	-0.32863	0.94123	-0.07808	0.00260	0.08357	0.99650	
893	8.92000	352.82802	801.75022	1215.64208	-4.69204	0.29415	19.48870	1.46886	0.94269	0.33211	-0.03211	-0.33362	0.93969	-0.07541	0.00513	0.08180	0.99664	
894	8.93000	358.52116	810.86391	1216.57694	-4.68769	0.15179	19.85172	1.53255	0.94057	0.33825	-0.03024	-0.33959	0.93750	-0.07597	0.00265	0.08172	0.99665	
895	8.94000	364.24478	820.18567	1217.52118	-4.49023	0.08402	20.30440	1.48657	0.93786	0.34583	-0.02854	-0.34701	0.93502	-0.07292	0.00147	0.07829	0.99693	
896	8.95000	369.67597	829.40167	1218.63063	-4.56976	0.15985	20.66986	1.38878	0.93563	0.35165	-0.03073	-0.35298	0.93273	-0.07356	0.00279	0.07967	0.99682	
897	8.96000	375.26198	838.66695	1219.65242	-4.55767	0.19911	21.00289	1.44265	0.93356	0.35702	-0.03171	-0.35841	0.93071	-0.07294	0.00348	0.07946	0.99683	
898	8.97000	382.22868	846.30174	1220.47048	-4.87001	0.44948	19.26789	2.20830	0.94396	0.32817	-0.03539	-0.32998	0.94080	-0.07756	0.00784	0.08489	0.99636	
899	8.98000	387.69825	855.72381	1221.45694	-4.83472	0.38343	19.78942	2.12963	0.94092	0.33683	-0.03481	-0.33856	0.93779	-0.07705	0.00669	0.08428	0.99642	
900	8.99000	393.10635	865.22906	1222.48538	-4.70846	0.38195	20.16937	2.06724	0.93866	0.34312	-0.03454	-0.34479	0.93570	-0.07476	0.00667	0.08208	0.99660	
901	9.00000	398.53974	874.63509	1223.50356	-4.54350	0.22258	20.44784	2.09528	0.93698	0.34797	-0.03130	-0.34935	0.93415	-0.07287	0.00388	0.07922	0.99685	
902	9.01000	403.91150	884.00806	1224.38545	-4.52710	0.12375	20.91030	2.12423	0.93414	0.35563	-0.03018	-0.35691	0.93129	-0.07296	0.00216	0.07893	0.99688	
903	9.02000	409.32878	893.40287	1225.29606	-4.43123	-0.03223	21.26924	2.20922	0.93189	0.36171	-0.02750	-0.36275	0.92908	-0.07220	-0.00056	0.07726	0.99701	
904	9.03000	414.50014	902.89997	1226.33820	-4.69825	-0.15137	21.59735	2.08567	0.92979	0.36705	-0.02770	-0.36808	0.92659	-0.07713	-0.00264	0.08191	0.99664	
905	9.04000	419.83035	912.29549	1227.12039	-4.70251	-0.41057	22.03390	2.06440	0.92694	0.37444	-0.02414	-0.37515	0.92362	-0.07867	-0.00717	0.08198	0.99661	
906	9.05000	425.05667	921.62769	1227.54129	-4.79836	-0.65026	22.79744	2.02537	0.92182	0.38699	-0.02199	-0.38745	0.91828	-0.08150	-0.01135	0.08364	0.99643	
907	9.06000	430.19097	931.10318	1228.32992	-5.00823	-0.76905	23.17948	1.92227	0.91919	0.39319	-0.02207	-0.39358	0.91531	-0.08551	-0.01342	0.08729	0.99609	
908	9.07000	435.43019	940.47537	1229.15706	-4.90766	-0.98394	23.70563	1.93173	0.91549	0.40191	-0.01873	-0.40198	0.91168	-0.08521	-0.01717	0.08554	0.99619	
909	9.08000	440.74285	949.70422	1229.91642	-4.71924	-1.19754	24.02961	2.09983	0.91314	0.40740	-0.01448	-0.40712	0.90954	-0.08362	-0.02090	0.08226	0.99639	
910	9.09000	446.72332	957.67079	1229.92013	-4.40767	-2.12035	26.12086	3.08362	0.89725	0.44152	-0.00071	-0.43996	0.89396	-0.08524	-0.03700	0.07680	0.99636	
911	9.10000	452.05261	966.84129	1230.57102	-4.45934	-2.33084	26.71044	3.10815	0.89255	0.45095	0.00127	-0.44911	0.88916	-0.08768	-0.04067	0.07769	0.99615	
912	9.11000	457.35200	975.93541	1231.24044	-4.62496	-2.53350	27.44981	3.20400	0.88655	0.46263	0.00193	-0.46052	0.88288	-0.09187	-0.04420	0.08055	0.99577	
913	9.12000	462.72688	985.26082	1231.63079	-4.37661	-2.79970	27.58412	3.11902	0.88527	0.46500	0.00783	-0.46250	0.88202	-0.09019	-0.04884	0.07622	0.99589	
914	9.13000	468.15087	994.37345	1232.12319	-4.21504	-2.94956	27.94465	3.15121	0.88223	0.47069	0.01089	-0.46800	0.87924	-0.08898	-0.05146	0.07340	0.99597	
915	9.14000	473.55659	1003.66596	1232.46096	-4.22546	-3.06193	28.28973	2.95220	0.87931	0.47611	0.01199	-0.47325	0.87630	-0.09013	-0.05342	0.07358	0.99586	
916	9.15000	479.10309	1012.47288	1232.88275	-4.31135	-3.19064	28.83339	3.11702	0.87467	0.48457	0.01237	-0.48152	0.87153	-0.09262	-0.05566	0.07506	0.99562	
917	9.16000	484.73014	1021.58141	1233.12662	-4.00352	-3.33891	29.03768	3.11779	0.87282	0.48776	0.01691	-0.48456	0.87019	-0.08924	-0.05824	0.06970	0.99587	
918	9.17000	490.41136	1030.74593	1233.39945	-3.99836	-3.55079	29.27420	3.01362	0.87062	0.49157	0.01980	-0.48805	0.86805	-0.09103	-0.06193	0.06959	0.99565	
919	9.18000	494.70111	1042.71905	1234.06292	-2.98475	-2.91380	29.88645	1.03216	0.86589	0.49990	0.01807	-0.49764	0.86452	-0.07044	-0.05083	0.05200	0.99735	
920	9.19000	500.55096	1051.68108	1234.19521	-2.61454	-3.29523	30.30625	1.01758	0.86191	0.50636	0.02655	-0.50379	0.86112	-0.06836	-0.05748	0.04554	0.99731	
921	9.20000	506.49622	1060.72035	1234.25662	-2.80159	-3.21156	30.61208	0.97492	0.85928	0.51097	0.02327	-0.50842	0.85821	-0.07056	-0.05602	0.04880	0.99724	
922	9.21000	512.51747	1069.83131	1234.32184	-2.62106	-3.53928	31.04180	1.02805	0.85516	0.51754	0.02926	-0.51468	0.85444	-0.07098	-0.06173	0.04564	0.99705	
923	9.22000	518.58417	1078.88636	1234.35057	-2.56053	-3.49696	31.36857	0.99122	0.85225	0.52235	0.02877	-0.51957	0.85157	-0.06986	-0.06100	0.04459	0.99714	
924	9.23000	524.78307	1088.03305	1234.27834	-2.47421	-3.60740	31.66211	1.01804	0.84947	0.52673	0.03084	-0.52387	0.84894	-0.06974	-0.06292	0.04308	0.99709	
925	9.24000	530.97147	1097.17574	1234.21129	-2.50987	-3.42252	31.91811	1.02612	0.84729	0.53042	0.02747	-0.52776	0.84661	-0.06870	-0.05970	0.04371	0.99726	
926	9.25000	537.20394	1106.30210	1234.19033	-2.23645	-3.48765	32.33376	0.97015	0.84338	0.53645	0.03049	-0.53386	0.84303	-0.06548	-0.06083	0.03895	0.99739	
927	9.26000	543.52210	1115.43702	1234.07703	-2.24767	-3.36695	32.60021	0.95930	0.84100	0.54030	0.02831	-0.53784	0.84056	-0.06466	-0.05873	0.03915	0.99751	
928	9.27000	549.74469	1124.66093	1234.19130	-2.25588	-3.38719	32.95406	1.00974	0.83764	0.54550	0.02813	-0.54302	0.83719	-0.06514	-0.05908	0.03929	0.99748	
929	9.28000	555.97416	1133.76119	1234.24188	-2.48695	-3.62289	33.19084	0.91637	0.83518	0.54921	0.02908	-0.54634	0.83456	-0.07087	-0.06319	0.04331	0.99706	
930	9.29000	562.42668	1142.92799	1233.94475	-2.25927	-3.22536	33.46526	1.01612	0.83290	0.55285	0.02516	-0.55056	0.83235	-0.06389	-0.05626	0.03936	0.99764	
931	9.30000	568.64741	1152.02925	1234.04443	-2.12266	-3.36661	33.86706	1.02142	0.82890	0.55869	0.02809	-0.55631	0.82855	-0.06346	-0.05872	0.03698	0.99759	
932	9.31000	574.95579	1161.07463	1234.01818	-2.14854	-3.12242	34.14497	1.04467	0.82639	0.56258	0.02401	-0.56046	0.82589	-0.06158	-0.05447	0.03743	0.99781	
933	9.32000	581.16343	1170.07816	1234.17783	-2.07333	-3.29317	34.51111	0.94300	0.82266	0.56791	0.02681	-0.56563	0.82230	-0.06234	-0.05745	0.03612	0.99770	
934	9.33000	586.25325	1178.62968	1234.63491	-2.45321	-3.19889	34.81800	0.50765	0.81969	0.57241	0.02133	-0.57008	0.81885	-0.06697	-0.05580	0.04274	0.99753	
935	9.34000	592.15801	1187.62566	1234.88728	-2.34496	-3.18023	35.16785	0.54571	0.81621	0.57735	0.02175	-0.57509	0.81548	-0.06537	-0.05548	0.04085	0.99762	
936	9.35000	598.17659	1196.50455	1235.00197	-2.41147	-3.05620	35.55501	0.59649	0.81240	0.58279	0.01887	-0.58066	0.81153	-0.06521	-0.05332	0.04202	0.99769	
937	9.36000	603.82253	1205.24536	1235.45308	-2.41449	-3.13329	35.84211	0.59678	0.80942	0.58690	0.01960	-0.58468	0.80857	-0.06613	-0.05466	0.04207	0.99762	
938	9.37000	609.41260	1213.98860	1235.83645	-2.29934	-3.40283	36.22697	0.62029	0.80526	0.59243	0.02413	-0.58994	0.80463	-0.06741	-0.05936	0.04005	0.99743	
939	9.38000	614.84431	1222.60629	1236.31773	-2.29650	-3.71286	36.63039	0.57400	0.80082	0.59825	0.02802	-0.59540	0.80031	-0.07076	-0.06476	0.03999	0.99710	
940	9.39000	620.19761	1231.21685	1236.90104	-2.22158	-3.84055	36.93330	0.60576	0.79754	0.60251	0.03021	-0.59954	0.79717	-0.07120	-0.06698	0.03868	0.99700	
941	9.40000	626.39290	1238.05910	1237.24152	-2.54445	-4.91191	39.39216	1.96357	0.76998	0.63694	0.03793	-0.63229	0.76965	-0.08859	-0.08562	0.04423	0.99535	
942	9.41000	630.90357	1247.99786	1238.08437	-2.01781	-4.32695	37.82562	0.51272	0.78763	0.61498	0.03796	-0.61151	0.78776	-0.07405	-0.07545	0.03511	0.99653	
943	9.42000	637.03601	1254.81465	1238.47486	-2.53214	-5.08947	40.06409	1.86118	0.76231	0.64602	0.03939	-0.64111	0.76206	-0.09085	-0.08871	0.04401	0.99508	
944	9.43000	643.00724	1261.41547	1239.10358	-2.80758	-5.20306	39.95993	2.74770	0.76334	0.64489	0.03797	-0.63961	0.76272	-0.09572	-0.09069	0.04878	0.99468	
945	9.44000	648.39515	1269.32905	1239.73209	-2.58749	-5.57145	40.28937	2.91276	0.75918	0.64933	0.04479	-0.64359	0.75918	-0.09715	-0.09709	0.04493	0.99426	
946	9.45000	653.65307	1277.22093	1240.45511	-2.49015	-5.69091	40.62516	2.92902	0.75524	0.65376	0.04690	-0.64790	0.75546	-0.09748	-0.09916	0.04323	0.99413	
947	9.46000	658.91890	1285.07857	1241.23754	-2.29355	-5.72170	41.07062	2.73822	0.75014	0.65947	0.04881	-0.65372	0.75068	-0.09562	-0.09970	0.03982	0.99422	
948	9.47000	664.33858	1292.70059	1242.02570	-2.11678	-5.94095	41.68159	2.77450	0.74284	0.66739	0.05269	-0.66142	0.74380	-0.09637	-0.10350	0.03674	0.99395	
949	9.48000	669.87554	1300.28016	1242.79331	-1.99139	-5.86799	42.05925	2.78069	0.73856	0.67213	0.05258	-0.66639	0.73962	-0.09425	-0.10224	0.03457	0.99416	
950	9.49000	675.40373	1307.76550	1243.53319	-1.77557	-5.98774	42.46848	2.71542	0.73362	0.67724	0.05599	-0.67150	0.73511	-0.09325	-0.10432	0.03082	0.99407	
951	9.50000	681.00814	1315.03616	1244.31284	-1.44386	-6.04678	43.10184	2.72895	0.72608	0.68502	0.05967	-0.67950	0.72809	-0.09035	-0.10534	0.02506	0.99412	
952	9.51000	686.70339	1322.35936	1245.05784	-1.28030	-6.07294	43.62595	2.80157	0.71980	0.69149	0.06115	-0.68608	0.72205	-0.08915	-0.10579	0.02222	0.99414	
953	9.52000	693.87179	1326.70328	1245.28937	-2.33496	-6.02060	42.42408	1.98465	0.73410	0.67721	0.04987	-0.67089	0.73468	-0.10077	-0.10489	0.04052	0.99366	
954	9.53000	699.58454	1333.95285	1245.97958	-2.07672	-5.98145	43.02192	1.92778	0.72711	0.68459	0.05141	-0.67856	0.72804	-0.09754	-0.10421	0.03604	0.99390	
955	9.54000	704.15276	1343.31763	1246.99344	-1.29236	-5.49053	42.81631	2.45635	0.73017	0.68106	0.05484	-0.67653	0.73188	-0.08156	-0.09568	0.02245	0.99516	
956	9.55000	710.12336	1350.25505	1247.59259	-0.88761	-5.54500	43.30010	2.50632	0.72437	0.68683	0.05969	-0.68261	0.72666	-0.07753	-0.09663	0.01542	0.99520	
957	9.56000	715.98458	1357.30844	1248.21246	-0.69931	-5.48169	43.75428	2.47287	0.71901	0.69236	0.06056	-0.68840	0.72145	-0.07487	-0.09553	0.01215	0.99535	
958	9.57000	722.02741	1364.20773	1248.71151	-0.46174	-5.49398	44.10916	2.45007	0.71472	0.69656	0.06313	-0.69283	0.71745	-0.07242	-0.09574	0.00802	0.99537	
959	9.58000	728.22746	1370.97950	1249.07218	-0.33543	-5.36642	44.80788	2.48558	0.70636	0.70511	0.06223	-0.70164	0.70908	-0.07006	-0.09352	0.00583	0.99560	
960	9.59000	734.43441	1377.81581	1249.43797	-0.04934	-5.29706	45.22415	2.42198	0.70133	0.70992	0.06441	-0.70684	0.70428	-0.06614	-0.09232	0.00086	0.99573	
961	9.60000	740.88937	1384.25245	1249.71566	0.16842	-5.25251	45.68839	2.60256	0.69563	0.71536	0.06605	-0.71255	0.69875	-0.06345	-0.09155	-0.00293	0.99580	
962	9.61000	745.68203	1393.81519	1250.57446	1.22204	-4.91947	46.99775	0.71054	0.67951	0.72991	0.07407	-0.72863	0.68321	-0.04816	-0.08576	-0.02125	0.99609	
963	9.62000	752.24693	1400.37108	1250.74024	1.39818	-4.89602	47.68223	0.64673	0.67079	0.73780	0.07548	-0.73672	0.67458	-0.04666	-0.08535	-0.02431	0.99605	
964	9.63000	758.92644	1407.05985	1250.87565	1.46117	-4.87449	48.19086	0.63221	0.66424	0.74368	0.07564	-0.74267	0.66805	-0.04632	-0.08497	-0.02541	0.99606	
965	9.64000	765.70502	1413.87151	1250.82108	1.38039	-4.75692	48.65391	0.65702	0.65833	0.74920	0.07285	-0.74815	0.66191	-0.04633	-0.08293	-0.02401	0.99627	
966	9.65000	772.57020	1420.71340	1250.85285	1.44375	-4.61517	49.19469	0.65039	0.65137	0.75537	0.07164	-0.75448	0.65482	-0.04442	-0.08046	-0.02511	0.99644	
967	9.66000	779.42431	1427.63825	1250.78300	1.29855	-4.50375	49.70193	0.63891	0.64477	0.76134	0.06806	-0.76034	0.64796	-0.04522	-0.07852	-0.02259	0.99666	
968	9.67000	786.37722	1434.56461	1250.67779	1.13141	-4.49728	50.22299	0.66637	0.63783	0.76740	0.06533	-0.76617	0.64087	-0.04762	-0.07841	-0.01968	0.99673	
969	9.68000	793.33171	1441.51216	1250.46010	1.11519	-4.50174	50.79999	0.67172	0.63008	0.77383	0.06468	-0.77255	0.63309	-0.04851	-0.07849	-0.01940	0.99673	
970	9.69000	801.22272	1446.85525	1249.93230	0.33624	-4.41660	50.32842	2.19979	0.63649	0.76941	0.05368	-0.76743	0.63872	-0.05553	-0.07701	-0.00585	0.99701	
971	9.70000	808.26960	1453.68410	1249.73902	0.40854	-4.49282	50.86213	2.26778	0.62925	0.77526	0.05497	-0.77325	0.63161	-0.05626	-0.07833	-0.00711	0.99690	
972	9.71000	815.45092	1460.36583	1249.41872	0.21664	-4.43728	51.30503	2.29714	0.62330	0.78030	0.05132	-0.77815	0.62540	-0.05802	-0.07737	-0.00377	0.99700	
973	9.72000	821.36297	1468.67151	1249.25690	0.77434	-4.14236	53.22915	0.62841	0.59705	0.80038	0.05406	-0.79894	0.59934	-0.04977	-0.07223	-0.01348	0.99730	
974	9.73000	828.60611	1475.04053	1248.90003	0.71079	-4.18034	53.81246	0.63869	0.58886	0.80649	0.05305	-0.80494	0.59111	-0.05150	-0.07290	-0.01237	0.99726	
975	9.74000	835.88564	1481.29057	1248.51949	0.65924	-4.27378	54.30417	0.60445	0.58186	0.81157	0.05282	-0.80987	0.58414	-0.05380	-0.07452	-0.01147	0.99715	
976	9.75000	843.24046	1487.28099	1248.09741	0.44692	-4.25663	54.80186	0.57018	0.57482	0.81681	0.04916	-0.81491	0.57686	-0.05616	-0.07422	-0.00778	0.99721	
977	9.76000	850.57173	1492.99319	1247.80490	0.27252	-4.45262	55.07791	0.58059	0.57073	0.81971	0.04834	-0.81746	0.57276	-0.06093	-0.07763	-0.00474	0.99697	
