NO_OF_FRAMES	3364
NO_OF_CAMERAS	8
NO_OF_BODIES	1
FREQUENCY	100
NO_OF_ANALOG	0
ANALOG_FREQUENCY	0
DESCRIPTION	--
TIME_STAMP	2022-07-29, 12:15:23.646	6912.52665900
DATA_INCLUDED	6D
BODY_NAMES	Drone
BODY_FILTERS	No filter
TRANSLATION_ORIGIN	Global	
ROTATION_ORIGIN	Global	
Frame	Time	Drone X	Y	Z	Roll	Pitch	Yaw	Residual	Rot[0]	Rot[1]	Rot[2]	Rot[3]	Rot[4]	Rot[5]	Rot[6]	Rot[7]	Rot[8]	
1182	11.81000	316.71300	-980.32502	1287.92543	-3.15931	-3.89955	10.64035	1.47029	0.98053	0.18805	0.05656	-0.18422	0.98062	-0.06670	-0.06801	0.05498	0.99617	
1183	11.82000	320.31789	-982.16848	1288.37374	-3.11772	-3.90639	10.73930	1.51860	0.98020	0.18971	0.05670	-0.18591	0.98034	-0.06611	-0.06813	0.05426	0.99620	
1184	11.83000	323.69740	-983.81877	1289.49158	-4.27493	-5.15307	10.75710	1.55738	0.97846	0.19270	0.07408	-0.18589	0.97844	-0.08995	-0.08982	0.07424	0.99319	
1185	11.84000	327.43330	-985.94620	1289.19396	-3.29386	-3.86258	10.77760	1.51966	0.98013	0.19049	0.05532	-0.18657	0.98001	-0.06902	-0.06736	0.05733	0.99608	
1186	11.85000	330.96961	-987.73138	1289.64191	-3.22671	-3.85503	10.88524	1.43699	0.97979	0.19226	0.05529	-0.18842	0.97974	-0.06795	-0.06723	0.05616	0.99616	
1187	11.86000	334.45580	-989.45560	1289.85266	-3.30466	-3.87718	10.88687	1.42663	0.97975	0.19238	0.05540	-0.18844	0.97963	-0.06936	-0.06762	0.05751	0.99605	
1188	11.87000	337.81450	-990.86247	1290.77547	-4.46185	-5.03833	10.94932	1.47075	0.97800	0.19607	0.07119	-0.18921	0.97752	-0.09301	-0.08782	0.07749	0.99312	
1189	11.88000	341.52704	-992.83631	1290.32038	-3.36245	-3.84240	10.96701	1.41918	0.97953	0.19377	0.05452	-0.18982	0.97930	-0.07031	-0.06701	0.05852	0.99603	
1190	11.89000	344.92321	-994.19268	1291.17496	-4.64335	-4.94975	11.02453	1.46337	0.97789	0.19746	0.06893	-0.19052	0.97699	-0.09590	-0.08628	0.08065	0.99300	
1191	11.90000	348.47953	-995.82970	1291.30103	-4.67443	-4.90632	11.17471	1.38766	0.97745	0.19999	0.06783	-0.19309	0.97643	-0.09647	-0.08553	0.08120	0.99302	
1192	11.91000	351.95129	-996.93551	1291.09719	-4.15959	-4.20557	11.63791	1.54040	0.97680	0.20640	0.05701	-0.20118	0.97579	-0.08580	-0.07334	0.07234	0.99468	
1193	11.92000	355.66807	-998.90667	1291.51644	-4.81255	-4.84664	11.14621	1.40821	0.97763	0.19959	0.06638	-0.19262	0.97631	-0.09859	-0.08449	0.08360	0.99291	
1194	11.93000	359.23140	-1000.42481	1291.61413	-4.87428	-4.80741	11.32512	1.39551	0.97708	0.20265	0.06519	-0.19569	0.97558	-0.09971	-0.08381	0.08467	0.99288	
1195	11.94000	362.88018	-1001.96516	1291.64002	-4.98016	-4.79696	11.32093	1.37840	0.97711	0.20268	0.06465	-0.19562	0.97542	-0.10148	-0.08363	0.08651	0.99274	
1196	11.95000	366.65558	-1003.53372	1291.73478	-5.07796	-4.73418	11.42024	1.34836	0.97686	0.20439	0.06306	-0.19733	0.97491	-0.10304	-0.08253	0.08821	0.99268	
1197	11.96000	370.27941	-1004.70286	1291.30918	-4.46357	-3.99219	11.95895	1.46193	0.97592	0.21188	0.05178	-0.20671	0.97421	-0.09052	-0.06962	0.07764	0.99455	
1198	11.97000	374.12082	-1006.31140	1291.25514	-4.57573	-4.06706	12.02511	1.44703	0.97559	0.21321	0.05253	-0.20782	0.97376	-0.09276	-0.07092	0.07958	0.99430	
1199	11.98000	377.87644	-1007.93687	1291.18882	-4.69589	-3.87109	12.05307	1.41535	0.97572	0.21352	0.04871	-0.20834	0.97352	-0.09411	-0.06751	0.08168	0.99437	
1200	11.99000	380.94410	-1009.46546	1290.02151	-3.11901	-1.98742	11.80113	2.01887	0.97827	0.20606	0.02277	-0.20439	0.97703	-0.06034	-0.03468	0.05438	0.99792	
1201	12.00000	384.85741	-1011.09365	1289.94777	-3.24263	-2.10906	11.87620	2.03692	0.97793	0.20751	0.02432	-0.20566	0.97660	-0.06292	-0.03680	0.05653	0.99772	
1202	12.01000	388.75548	-1012.79564	1289.83379	-3.28994	-2.16171	11.96133	2.01856	0.97759	0.20903	0.02495	-0.20710	0.97623	-0.06395	-0.03772	0.05735	0.99764	
1203	12.02000	392.69360	-1014.52366	1289.59822	-3.25283	-1.98479	12.03499	2.00620	0.97743	0.21010	0.02199	-0.20838	0.97603	-0.06270	-0.03463	0.05671	0.99779	
1204	12.03000	396.73309	-1016.23348	1289.36995	-3.22006	-1.99623	12.09425	2.04368	0.97721	0.21110	0.02224	-0.20939	0.97585	-0.06221	-0.03483	0.05614	0.99782	
1205	12.04000	400.78352	-1018.09197	1289.15065	-3.39629	-2.04163	12.26603	2.00518	0.97655	0.21414	0.02217	-0.21232	0.97501	-0.06544	-0.03563	0.05920	0.99761	
1206	12.05000	404.77327	-1019.95578	1288.92419	-3.32498	-1.88520	12.35323	1.97365	0.97632	0.21544	0.01967	-0.21382	0.97479	-0.06368	-0.03290	0.05797	0.99778	
1207	12.06000	408.78563	-1021.74280	1288.60692	-3.45435	-1.85818	12.40840	2.03164	0.97613	0.21640	0.01866	-0.21477	0.97445	-0.06580	-0.03243	0.06022	0.99766	
1208	12.07000	412.86656	-1023.47346	1288.22561	-3.49111	-1.85560	12.49045	1.97584	0.97582	0.21780	0.01839	-0.21616	0.97409	-0.06644	-0.03238	0.06086	0.99762	
1209	12.08000	416.89185	-1025.31690	1287.83849	-3.61887	-1.82609	12.67815	1.99458	0.97512	0.22100	0.01717	-0.21936	0.97323	-0.06856	-0.03187	0.06309	0.99750	
1210	12.09000	421.02842	-1027.05866	1287.45697	-3.60823	-1.72276	12.62789	2.04320	0.97537	0.22003	0.01552	-0.21852	0.97346	-0.06797	-0.03006	0.06291	0.99757	
1211	12.10000	425.52614	-1028.59661	1288.02573	-5.10844	-3.32209	12.81030	1.56886	0.97347	0.22587	0.03654	-0.22135	0.97009	-0.09962	-0.05795	0.08889	0.99435	
1212	12.11000	427.03031	-1030.17199	1287.90653	-4.08936	-4.21083	15.44205	3.34013	0.96130	0.27063	0.05161	-0.26554	0.96005	-0.08824	-0.07343	0.07112	0.99476	
1213	12.12000	431.13161	-1031.93454	1287.40446	-3.95100	-4.29568	15.63777	3.35467	0.96028	0.27388	0.05339	-0.26880	0.95931	-0.08650	-0.07490	0.06871	0.99482	
1214	12.13000	435.19424	-1033.78226	1286.75942	-4.00901	-4.31388	15.68315	3.35299	0.96004	0.27472	0.05334	-0.26955	0.95899	-0.08759	-0.07522	0.06972	0.99473	
1215	12.14000	439.30286	-1035.65827	1286.22684	-4.09211	-4.48707	15.85729	3.32533	0.95900	0.27792	0.05557	-0.27240	0.95797	-0.08997	-0.07823	0.07114	0.99439	
1216	12.15000	443.47196	-1037.49168	1285.73635	-4.13892	-4.46258	15.92161	3.28034	0.95872	0.27901	0.05483	-0.27349	0.95759	-0.09069	-0.07781	0.07196	0.99437	
1217	12.16000	447.67277	-1039.39780	1285.18847	-4.17488	-4.56414	16.03274	3.22843	0.95806	0.28102	0.05617	-0.27531	0.95695	-0.09189	-0.07957	0.07257	0.99418	
1218	12.17000	452.07128	-1041.39961	1284.62292	-4.11980	-4.45151	16.17805	3.18502	0.95750	0.28326	0.05433	-0.27778	0.95637	-0.09057	-0.07762	0.07163	0.99441	
1219	12.18000	456.37246	-1043.40588	1284.07079	-4.02464	-4.49193	16.40365	3.19825	0.95635	0.28698	0.05513	-0.28154	0.95538	-0.08939	-0.07832	0.06997	0.99447	
1220	12.19000	460.52853	-1044.54028	1283.54321	-3.69280	-4.57010	17.08950	3.44181	0.95281	0.29816	0.05708	-0.29293	0.95235	-0.08493	-0.07968	0.06420	0.99475	
1221	12.20000	465.10869	-1046.45887	1283.02008	-3.75586	-4.54509	17.17813	3.42626	0.95239	0.29967	0.05620	-0.29441	0.95181	-0.08594	-0.07924	0.06530	0.99471	
1222	12.21000	469.78895	-1048.57033	1282.58639	-3.74347	-4.41833	17.32132	3.40855	0.95181	0.30190	0.05395	-0.29685	0.95112	-0.08522	-0.07704	0.06510	0.99490	
1223	12.22000	474.39489	-1050.60094	1282.17770	-3.57118	-4.25191	17.49215	3.41337	0.95113	0.30440	0.05185	-0.29975	0.95052	-0.08165	-0.07414	0.06212	0.99531	
1224	12.23000	479.13122	-1052.65370	1281.82748	-3.68919	-4.19736	17.66488	3.43974	0.95029	0.30731	0.05007	-0.30264	0.94944	-0.08347	-0.07319	0.06417	0.99525	
1225	12.24000	483.75449	-1054.59955	1281.45651	-3.66298	-4.17558	17.65584	3.38203	0.95037	0.30711	0.04986	-0.30249	0.94954	-0.08292	-0.07281	0.06372	0.99531	
1226	12.25000	488.41654	-1056.53329	1281.17005	-3.57869	-4.09442	17.71352	3.37377	0.95016	0.30791	0.04889	-0.30348	0.94938	-0.08114	-0.07140	0.06226	0.99550	
1227	12.26000	493.06936	-1058.43822	1280.96073	-3.64785	-4.05379	17.75878	3.35371	0.94997	0.30868	0.04778	-0.30425	0.94905	-0.08211	-0.07069	0.06346	0.99548	
1228	12.27000	497.49832	-1060.19841	1280.72144	-3.64916	-4.08939	17.92839	3.35005	0.94902	0.31152	0.04812	-0.30704	0.94812	-0.08246	-0.07131	0.06348	0.99543	
1229	12.28000	501.99566	-1061.94741	1280.64809	-3.67328	-3.94484	17.87402	3.31815	0.94948	0.31049	0.04568	-0.30620	0.94843	-0.08205	-0.06880	0.06392	0.99558	
1230	12.29000	506.44217	-1063.62936	1280.59247	-3.82621	-3.94389	18.12750	3.32900	0.94812	0.31480	0.04446	-0.31040	0.94682	-0.08477	-0.06878	0.06657	0.99541	
1231	12.30000	511.24935	-1065.44664	1280.50194	-3.55464	-3.78710	18.34385	3.34694	0.94711	0.31800	0.04306	-0.31403	0.94607	-0.07960	-0.06605	0.06187	0.99590	
1232	12.31000	515.64605	-1066.91798	1280.53936	-3.61039	-3.83739	18.39405	3.32067	0.94678	0.31892	0.04351	-0.31484	0.94570	-0.08083	-0.06693	0.06283	0.99578	
1233	12.32000	519.94458	-1068.28299	1280.66180	-3.54151	-3.83380	18.43072	3.28644	0.94658	0.31947	0.04378	-0.31545	0.94559	-0.07970	-0.06686	0.06163	0.99586	
1234	12.33000	524.28240	-1069.61161	1280.83905	-3.59902	-3.69011	18.57771	3.31095	0.94593	0.32179	0.04089	-0.31793	0.94474	-0.07997	-0.06436	0.06264	0.99596	
1235	12.34000	528.54682	-1070.82912	1281.04608	-3.68286	-3.67622	18.61808	3.26332	0.94572	0.32250	0.04013	-0.31860	0.94440	-0.08130	-0.06412	0.06410	0.99588	
1236	12.35000	532.81718	-1071.98821	1281.35142	-3.74127	-3.83016	18.69137	3.25735	0.94514	0.32392	0.04223	-0.31975	0.94384	-0.08317	-0.06680	0.06511	0.99564	
1237	12.36000	537.07490	-1073.12894	1281.71156	-3.67911	-3.81855	18.74947	3.20628	0.94483	0.32481	0.04231	-0.32072	0.94361	-0.08213	-0.06660	0.06403	0.99572	
1238	12.37000	541.24316	-1074.07580	1282.01993	-3.81198	-3.88872	18.82034	3.23717	0.94436	0.32616	0.04260	-0.32186	0.94299	-0.08476	-0.06782	0.06633	0.99549	
1239	12.38000	545.47129	-1075.11294	1282.40162	-3.82324	-3.92765	18.79568	3.19605	0.94445	0.32580	0.04322	-0.32144	0.94310	-0.08514	-0.06850	0.06652	0.99543	
1240	12.39000	549.70387	-1076.07743	1282.89954	-3.78558	-4.04297	18.84669	3.21268	0.94403	0.32674	0.04525	-0.32223	0.94282	-0.08521	-0.07050	0.06586	0.99533	
1241	12.40000	554.18976	-1077.40546	1283.28443	-4.17632	-3.86817	18.14806	2.83749	0.94809	0.31532	0.04125	-0.31076	0.94620	-0.09016	-0.06746	0.07266	0.99507	
1242	12.41000	558.45450	-1078.38896	1283.82452	-4.19362	-3.84088	18.22845	2.80982	0.94768	0.31662	0.04058	-0.31210	0.94574	-0.09035	-0.06699	0.07296	0.99508	
1243	12.42000	562.66307	-1079.20394	1284.51224	-4.26563	-3.99521	18.51262	2.85270	0.94595	0.32155	0.04227	-0.31674	0.94398	-0.09259	-0.06967	0.07420	0.99481	
1244	12.43000	566.88758	-1079.99981	1284.99083	-4.33605	-4.04033	18.40186	2.85294	0.94651	0.31983	0.04280	-0.31490	0.94447	-0.09392	-0.07046	0.07542	0.99466	
1245	12.44000	571.05527	-1080.75466	1285.59756	-4.27077	-3.98447	18.41603	2.85502	0.94649	0.31995	0.04222	-0.31515	0.94452	-0.09255	-0.06949	0.07429	0.99481	
1246	12.45000	577.00307	-1081.54345	1285.71657	-5.48610	-3.07680	16.59302	1.24662	0.95698	0.28918	0.02390	-0.28516	0.95250	-0.10688	-0.05367	0.09547	0.99398	
1247	12.46000	581.21238	-1082.30308	1286.27115	-5.62654	-3.16922	16.67522	1.25994	0.95648	0.29076	0.02457	-0.28651	0.95178	-0.10971	-0.05529	0.09789	0.99366	
1248	12.47000	585.36469	-1082.95093	1286.87848	-5.62191	-3.01927	16.74734	1.18873	0.95626	0.29171	0.02197	-0.28775	0.95149	-0.10891	-0.05267	0.09783	0.99381	
1249	12.48000	589.53261	-1083.62491	1287.56104	-5.65719	-3.02332	16.85090	1.23194	0.95573	0.29345	0.02166	-0.28948	0.95089	-0.10956	-0.05274	0.09844	0.99374	
1250	12.49000	593.77306	-1084.36396	1288.17163	-5.67297	-3.14514	16.96024	1.19194	0.95507	0.29547	0.02339	-0.29127	0.95024	-0.11048	-0.05487	0.09870	0.99360	
1251	12.50000	597.90749	-1085.06102	1288.74150	-5.68354	-3.17236	17.00469	1.22268	0.95482	0.29625	0.02370	-0.29200	0.94998	-0.11081	-0.05534	0.09888	0.99356	
1252	12.51000	602.06104	-1085.75876	1289.35953	-5.54155	-3.20544	17.04407	1.20521	0.95458	0.29690	0.02491	-0.29265	0.95003	-0.10864	-0.05592	0.09642	0.99377	
1253	12.52000	606.12513	-1086.29628	1289.91543	-5.47483	-3.28117	17.11823	1.23798	0.95413	0.29822	0.02637	-0.29386	0.94973	-0.10795	-0.05724	0.09525	0.99381	
1254	12.53000	610.35245	-1087.01958	1290.44683	-5.55458	-3.28782	17.31488	1.19738	0.95311	0.30153	0.02569	-0.29713	0.94855	-0.10940	-0.05735	0.09663	0.99367	
1255	12.54000	614.41290	-1087.52258	1291.00335	-5.61489	-3.43109	17.34998	1.16478	0.95279	0.30237	0.02767	-0.29767	0.94818	-0.11115	-0.05985	0.09767	0.99342	
1256	12.55000	618.46731	-1087.99871	1291.72733	-5.56153	-3.41503	17.49242	1.22358	0.95206	0.30467	0.02742	-0.30005	0.94753	-0.11025	-0.05957	0.09674	0.99353	
1257	12.56000	622.54078	-1088.38845	1292.25731	-5.46690	-3.57467	17.51324	1.18705	0.95179	0.30522	0.03052	-0.30034	0.94752	-0.10953	-0.06235	0.09509	0.99351	
1258	12.57000	626.55876	-1088.84353	1292.78649	-5.38758	-3.55912	17.70355	1.16081	0.95081	0.30830	0.03033	-0.30351	0.94666	-0.10824	-0.06208	0.09371	0.99366	
1259	12.58000	630.54311	-1089.14867	1293.29376	-5.34010	-3.84497	17.70060	1.18039	0.95051	0.30867	0.03531	-0.30336	0.94663	-0.10896	-0.06706	0.09286	0.99342	
1260	12.59000	634.55173	-1089.38654	1293.82699	-5.21202	-3.79204	17.71938	1.20702	0.95047	0.30882	0.03509	-0.30369	0.94679	-0.10658	-0.06614	0.09064	0.99369	
1261	12.60000	638.50507	-1089.63000	1294.33767	-5.15471	-3.88672	17.89880	1.13158	0.94941	0.31189	0.03663	-0.30663	0.94588	-0.10625	-0.06778	0.08964	0.99367	
1262	12.61000	642.53509	-1089.74459	1294.78228	-5.07405	-3.86103	17.86030	1.16241	0.94965	0.31116	0.03672	-0.30600	0.94625	-0.10475	-0.06734	0.08824	0.99382	
1263	12.62000	646.58101	-1089.81061	1295.28470	-4.95070	-3.97842	17.90738	1.14998	0.94926	0.31203	0.03924	-0.30674	0.94616	-0.10337	-0.06938	0.08609	0.99387	
1264	12.63000	650.44852	-1089.85098	1295.73574	-4.95435	-4.15901	17.85448	1.19385	0.94933	0.31142	0.04230	-0.30579	0.94636	-0.10436	-0.07252	0.08613	0.99364	
1265	12.64000	654.39587	-1089.80694	1296.24577	-5.02651	-4.16129	18.07472	1.16683	0.94815	0.31511	0.04153	-0.30944	0.94502	-0.10572	-0.07256	0.08739	0.99353	
1266	12.65000	658.27892	-1089.70609	1296.68015	-4.85603	-4.29371	17.92616	1.21802	0.94878	0.31272	0.04492	-0.30693	0.94609	-0.10350	-0.07487	0.08441	0.99361	
1267	12.66000	662.30263	-1089.54960	1297.16770	-4.90197	-4.30015	18.01948	1.18944	0.94827	0.31430	0.04461	-0.30847	0.94549	-0.10437	-0.07498	0.08521	0.99354	
1268	12.67000	666.25836	-1089.34208	1297.66996	-4.94604	-4.39367	18.01880	1.14758	0.94816	0.31446	0.04591	-0.30842	0.94537	-0.10560	-0.07661	0.08596	0.99335	
1269	12.68000	670.10182	-1089.05160	1298.19168	-4.93596	-4.38989	17.97889	1.21683	0.94838	0.31379	0.04598	-0.30776	0.94561	-0.10538	-0.07654	0.08579	0.99337	
1270	12.69000	674.09020	-1088.74431	1298.67973	-4.90280	-4.63953	17.89079	1.23509	0.94853	0.31266	0.05044	-0.30620	0.94604	-0.10609	-0.08089	0.08519	0.99308	
1271	12.70000	678.08984	-1088.34484	1299.19151	-4.82086	-4.76065	17.87902	1.23464	0.94842	0.31256	0.05290	-0.30595	0.94620	-0.10537	-0.08299	0.08375	0.99302	
1272	12.71000	682.02027	-1087.97206	1299.61858	-4.82518	-4.79653	17.93472	1.16826	0.94808	0.31353	0.05337	-0.30685	0.94587	-0.10569	-0.08362	0.08382	0.99297	
1273	12.72000	686.07464	-1087.41279	1300.03958	-4.81397	-4.95942	17.67834	1.27080	0.94921	0.30951	0.05659	-0.30254	0.94721	-0.10612	-0.08645	0.08361	0.99274	
1274	12.73000	690.05022	-1086.99046	1300.50481	-4.76641	-5.02517	17.70082	1.25277	0.94900	0.30993	0.05789	-0.30288	0.94715	-0.10570	-0.08759	0.08277	0.99271	
1275	12.74000	694.15962	-1086.39871	1300.95446	-4.72899	-5.11569	17.65737	1.30608	0.94909	0.30930	0.05967	-0.30212	0.94741	-0.10551	-0.08917	0.08211	0.99263	
1276	12.75000	698.35333	-1085.87134	1301.38272	-4.62506	-5.28873	17.75095	1.22053	0.94834	0.31097	0.06292	-0.30358	0.94702	-0.10481	-0.09217	0.08029	0.99250	
1277	12.76000	702.44069	-1085.35048	1301.83235	-4.61923	-5.23056	17.76867	1.23812	0.94833	0.31117	0.06196	-0.30390	0.94696	-0.10442	-0.09116	0.08020	0.99260	
1278	12.77000	706.66611	-1084.79310	1302.34724	-4.57965	-5.38857	17.60557	1.25438	0.94895	0.30864	0.06508	-0.30113	0.94785	-0.10442	-0.09391	0.07949	0.99240	
1279	12.78000	710.88821	-1084.19201	1302.73395	-4.58403	-5.48333	17.61870	1.20247	0.94873	0.30899	0.06659	-0.30130	0.94773	-0.10500	-0.09556	0.07956	0.99224	
1280	12.79000	715.20297	-1083.61046	1303.10917	-4.57597	-5.61687	17.50969	1.24518	0.94909	0.30735	0.06904	-0.29942	0.94828	-0.10544	-0.09788	0.07940	0.99203	
1281	12.80000	719.51228	-1082.95678	1303.50712	-4.54201	-5.56498	17.47584	1.29990	0.94935	0.30669	0.06843	-0.29889	0.94854	-0.10457	-0.09697	0.07882	0.99216	
1282	12.81000	723.84516	-1082.34894	1303.85144	-4.38713	-5.75555	17.51933	1.23443	0.94881	0.30746	0.07233	-0.29951	0.94851	-0.10305	-0.10028	0.07611	0.99204	
1283	12.82000	728.29292	-1081.73316	1304.20650	-4.40317	-5.70958	17.44243	1.24813	0.94929	0.30615	0.07162	-0.29826	0.94891	-0.10298	-0.09949	0.07639	0.99210	
1284	12.83000	732.57380	-1081.05510	1304.50590	-4.30244	-5.68244	17.35526	1.29665	0.94978	0.30454	0.07186	-0.29683	0.94957	-0.10106	-0.09901	0.07465	0.99228	
1285	12.84000	737.00999	-1080.34220	1304.89416	-4.17454	-5.81968	17.39192	1.28616	0.94936	0.30516	0.07475	-0.29737	0.94954	-0.09970	-0.10140	0.07242	0.99221	
1286	12.85000	741.51235	-1079.65577	1305.12579	-4.22202	-5.96806	17.31111	1.24675	0.94953	0.30406	0.07709	-0.29595	0.94983	-0.10114	-0.10397	0.07322	0.99188	
1287	12.86000	745.95227	-1078.92255	1305.42401	-3.99886	-5.96250	17.19335	1.33247	0.95014	0.30180	0.07838	-0.29400	0.95085	-0.09725	-0.10388	0.06936	0.99217	
1288	12.87000	750.45896	-1078.12566	1305.70252	-3.90736	-6.12528	17.22599	1.29136	0.94969	0.30240	0.08150	-0.29445	0.95077	-0.09661	-0.10670	0.06775	0.99198	
1289	12.88000	754.92661	-1077.36887	1305.97946	-3.81961	-6.08773	17.19064	1.28223	0.94994	0.30164	0.08140	-0.29389	0.95112	-0.09491	-0.10605	0.06624	0.99215	
1290	12.89000	759.46469	-1076.56554	1306.25900	-3.88829	-6.09245	17.08071	1.33071	0.95049	0.29992	0.08130	-0.29206	0.95158	-0.09592	-0.10613	0.06743	0.99206	
1291	12.90000	764.02089	-1075.76061	1306.52696	-3.68565	-6.11429	17.03542	1.27934	0.95068	0.29890	0.08280	-0.29130	0.95214	-0.09260	-0.10651	0.06392	0.99225	
1292	12.91000	768.57272	-1074.94655	1306.83537	-3.60258	-6.08086	16.97844	1.31284	0.95103	0.29780	0.08277	-0.29037	0.95258	-0.09097	-0.10593	0.06248	0.99241	
1293	12.92000	773.16299	-1074.08906	1307.09962	-3.46150	-6.25285	17.03525	1.28114	0.95044	0.29871	0.08626	-0.29122	0.95245	-0.08958	-0.10892	0.06002	0.99224	
1294	12.93000	777.67924	-1073.23497	1307.46324	-3.30823	-6.19105	16.87922	1.39439	0.95134	0.29583	0.08627	-0.28866	0.95352	-0.08648	-0.10784	0.05737	0.99251	
1295	12.94000	782.34231	-1072.37302	1307.93420	-3.17565	-6.29542	16.90281	1.33445	0.95103	0.29611	0.08865	-0.28900	0.95356	-0.08484	-0.10965	0.05506	0.99244	
1296	12.95000	786.92843	-1071.44363	1308.35729	-3.19110	-6.25029	16.80859	1.35602	0.95159	0.29453	0.08796	-0.28746	0.95404	-0.08472	-0.10887	0.05534	0.99251	
1297	12.96000	791.38555	-1070.51734	1308.78963	-2.96038	-6.26033	16.79335	1.40607	0.95164	0.29393	0.08933	-0.28720	0.95445	-0.08091	-0.10905	0.05134	0.99271	
1298	12.97000	795.87482	-1069.63385	1309.27051	-2.91676	-6.22660	16.83018	1.36471	0.95152	0.29444	0.08895	-0.28783	0.95433	-0.08007	-0.10846	0.05058	0.99281	
1299	12.98000	800.23224	-1068.67406	1309.78463	-2.76773	-6.33040	16.74270	1.35973	0.95177	0.29284	0.09155	-0.28632	0.95496	-0.07797	-0.11026	0.04799	0.99274	
1300	12.99000	804.37947	-1067.65757	1310.42681	-2.78820	-6.35717	16.66503	1.33478	0.95211	0.29160	0.09200	-0.28501	0.95532	-0.07832	-0.11073	0.04834	0.99267	
1301	13.00000	808.43882	-1066.51467	1311.06156	-2.73935	-6.51727	16.68492	1.39289	0.95171	0.29198	0.09488	-0.28525	0.95525	-0.07833	-0.11350	0.04748	0.99240	
1302	13.01000	812.29394	-1065.30440	1311.79002	-2.65864	-6.42245	16.73899	1.36022	0.95162	0.29267	0.09364	-0.28620	0.95510	-0.07660	-0.11186	0.04609	0.99265	
1303	13.02000	816.12712	-1064.08092	1312.66435	-2.57700	-6.56616	16.71771	1.38178	0.95145	0.29229	0.09647	-0.28577	0.95529	-0.07592	-0.11435	0.04467	0.99244	
1304	13.03000	819.88437	-1062.87038	1313.40847	-2.52703	-6.66956	16.81320	1.33128	0.95077	0.29387	0.09832	-0.28729	0.95484	-0.07577	-0.11614	0.04379	0.99227	
1305	13.04000	823.52647	-1061.50166	1314.21487	-2.47208	-6.74947	16.72065	1.37012	0.95108	0.29229	0.10004	-0.28571	0.95537	-0.07509	-0.11753	0.04283	0.99215	
1306	13.05000	827.27494	-1060.13477	1315.12136	-2.50798	-6.85108	16.66028	1.40839	0.95118	0.29142	0.10163	-0.28465	0.95561	-0.07609	-0.11929	0.04345	0.99191	
1307	13.06000	831.14979	-1058.77860	1315.95129	-2.49618	-6.81274	16.69709	1.33814	0.95107	0.29199	0.10100	-0.28528	0.95544	-0.07577	-0.11862	0.04325	0.99200	
1308	13.07000	835.00927	-1057.35511	1317.00572	-2.51556	-6.97027	16.56594	1.38788	0.95141	0.28995	0.10369	-0.28301	0.95605	-0.07664	-0.12135	0.04357	0.99165	
1309	13.08000	838.93949	-1055.94077	1318.01783	-2.42811	-6.96382	16.54099	1.38700	0.95154	0.28937	0.10406	-0.28260	0.95629	-0.07510	-0.12124	0.04205	0.99173	
1310	13.09000	843.05334	-1054.59453	1318.94600	-2.57453	-6.99113	16.52717	1.38510	0.95156	0.28942	0.10379	-0.28235	0.95616	-0.07765	-0.12172	0.04458	0.99156	
1311	13.10000	847.14163	-1053.17068	1319.93045	-2.51013	-7.05883	16.40539	1.39737	0.95202	0.28732	0.10540	-0.28029	0.95685	-0.07669	-0.12289	0.04346	0.99147	
1312	13.11000	851.27346	-1051.80663	1321.05215	-2.51785	-7.07959	16.39337	1.39222	0.95203	0.28715	0.10572	-0.28008	0.95689	-0.07690	-0.12325	0.04360	0.99142	
1313	13.12000	855.45525	-1050.49587	1322.18217	-2.56085	-7.02421	16.40283	1.39846	0.95210	0.28735	0.10458	-0.28027	0.95680	-0.07736	-0.12229	0.04435	0.99150	
1314	13.13000	859.52581	-1049.10156	1323.24484	-2.49445	-7.03078	16.35415	1.46336	0.95232	0.28642	0.10508	-0.27946	0.95713	-0.07619	-0.12240	0.04320	0.99154	
1315	13.14000	863.62991	-1047.71288	1324.30505	-2.54499	-7.05107	16.28340	1.50153	0.95263	0.28534	0.10526	-0.27827	0.95741	-0.07701	-0.12275	0.04407	0.99146	
1316	13.15000	867.83128	-1046.46526	1325.38758	-2.44581	-7.09844	16.31346	1.40029	0.95238	0.28570	0.10650	-0.27874	0.95738	-0.07564	-0.12357	0.04235	0.99143	
1317	13.16000	871.93053	-1045.24026	1326.44038	-2.50716	-7.01158	16.33779	1.40600	0.95244	0.28615	0.10472	-0.27920	0.95720	-0.07628	-0.12207	0.04342	0.99157	
1318	13.17000	876.03579	-1043.86640	1327.52812	-2.30199	-7.19488	16.40067	1.41051	0.95176	0.28695	0.10871	-0.28013	0.95712	-0.07387	-0.12524	0.03985	0.99133	
1319	13.18000	880.14455	-1042.57737	1328.58645	-2.46072	-7.27465	16.32815	1.38794	0.95194	0.28610	0.10934	-0.27888	0.95725	-0.07677	-0.12663	0.04259	0.99104	
1320	13.19000	884.27905	-1041.37245	1329.62686	-2.45983	-7.16550	16.35688	1.38177	0.95203	0.28650	0.10749	-0.27942	0.95713	-0.07628	-0.12474	0.04258	0.99128	
1321	13.20000	888.50614	-1040.18794	1330.73743	-2.39036	-7.16110	16.36372	1.36996	0.95201	0.28648	0.10776	-0.27954	0.95719	-0.07511	-0.12466	0.04138	0.99134	
1322	13.21000	892.76401	-1038.91836	1331.70601	-2.28409	-7.20466	16.34164	1.39911	0.95202	0.28594	0.10904	-0.27914	0.95743	-0.07350	-0.12541	0.03954	0.99132	
1323	13.22000	897.19032	-1037.79012	1332.69309	-2.22493	-7.28173	16.37618	1.40126	0.95169	0.28645	0.11057	-0.27967	0.95732	-0.07296	-0.12675	0.03851	0.99119	
1324	13.23000	901.57805	-1036.62251	1333.61483	-2.21955	-7.38095	16.36844	1.37623	0.95152	0.28638	0.11225	-0.27948	0.95735	-0.07334	-0.12847	0.03841	0.99097	
1325	13.24000	906.05614	-1035.47493	1334.59833	-2.02966	-7.27902	16.34520	1.42288	0.95185	0.28555	0.11154	-0.27916	0.95772	-0.06962	-0.12670	0.03513	0.99132	
1326	13.25000	910.64531	-1034.37939	1335.55947	-1.90106	-7.23654	16.42657	1.37098	0.95154	0.28664	0.11138	-0.28053	0.95747	-0.06742	-0.12597	0.03291	0.99149	
1327	13.26000	915.37620	-1033.23124	1336.38372	-1.89156	-7.26048	16.32737	1.45912	0.95198	0.28498	0.11194	-0.27887	0.95798	-0.06719	-0.12638	0.03274	0.99144	
1328	13.27000	920.08532	-1032.16478	1337.26858	-1.87555	-7.25816	16.38722	1.44147	0.95169	0.28594	0.11191	-0.27987	0.95770	-0.06702	-0.12634	0.03247	0.99146	
1329	13.28000	924.92288	-1031.07581	1338.04847	-1.64133	-7.37678	16.41057	1.44754	0.95132	0.28593	0.11502	-0.28018	0.95783	-0.06373	-0.12839	0.02841	0.99132	
1330	13.29000	929.76346	-1029.98847	1338.97387	-1.49281	-7.05879	16.42909	1.42582	0.95190	0.28580	0.11046	-0.28068	0.95794	-0.05973	-0.12289	0.02585	0.99208	
1331	13.30000	934.58343	-1028.94958	1339.78995	-1.44307	-7.04533	16.46119	1.43302	0.95177	0.28624	0.11045	-0.28123	0.95783	-0.05890	-0.12265	0.02499	0.99213	
1332	13.31000	939.48312	-1027.74621	1340.53988	-1.26875	-7.10565	16.38956	1.41851	0.95200	0.28473	0.11240	-0.28000	0.95836	-0.05614	-0.12370	0.02197	0.99208	
1333	13.32000	944.30331	-1026.62994	1341.28864	-1.19582	-6.92932	16.41367	1.40594	0.95224	0.28492	0.10981	-0.28051	0.95833	-0.05410	-0.12064	0.02072	0.99248	
1334	13.33000	949.06288	-1025.43639	1341.96783	-1.17337	-7.11456	16.33725	1.45689	0.95223	0.28367	0.11307	-0.27912	0.95871	-0.05448	-0.12385	0.02032	0.99209	
1335	13.34000	953.85618	-1024.23000	1342.68749	-1.05044	-7.17123	16.37538	1.40978	0.95193	0.28408	0.11458	-0.27972	0.95863	-0.05278	-0.12483	0.01819	0.99201	
1336	13.35000	958.47189	-1022.91971	1343.40625	-0.84773	-7.13317	16.39589	1.47313	0.95191	0.28400	0.11494	-0.28009	0.95871	-0.04924	-0.12418	0.01468	0.99215	
1337	13.36000	963.25673	-1021.67230	1344.14538	-0.70394	-7.25591	16.35539	1.39237	0.95185	0.28306	0.11772	-0.27934	0.95902	-0.04735	-0.12630	0.01219	0.99192	
1338	13.37000	967.89541	-1020.32600	1344.74523	-0.61228	-7.27485	16.33458	1.38206	0.95191	0.28253	0.11851	-0.27898	0.95920	-0.04587	-0.12663	0.01060	0.99189	
1339	13.38000	972.47952	-1018.94502	1345.37347	-0.58468	-7.30316	16.31363	1.40588	0.95195	0.28213	0.11913	-0.27862	0.95932	-0.04550	-0.12712	0.01012	0.99184	
1340	13.39000	977.10164	-1017.51446	1345.93315	-0.51641	-7.55884	16.34187	1.40820	0.95126	0.28249	0.12369	-0.27892	0.95923	-0.04566	-0.13154	0.00893	0.99127	
1341	13.40000	981.77265	-1016.06708	1346.53590	-0.43195	-7.67250	16.38668	1.44535	0.95079	0.28308	0.12596	-0.27959	0.95907	-0.04490	-0.13351	0.00747	0.99102	
1342	13.41000	986.33168	-1014.46398	1347.07397	-0.42302	-7.72645	16.44436	1.43870	0.95039	0.28403	0.12685	-0.28051	0.95879	-0.04514	-0.13444	0.00732	0.99089	
1343	13.42000	990.96686	-1012.83330	1347.57744	-0.43312	-7.93980	16.34601	1.37758	0.95038	0.28243	0.13042	-0.27874	0.95926	-0.04613	-0.13813	0.00749	0.99039	
1344	13.43000	995.75645	-1011.26616	1348.03007	-0.30098	-7.99064	16.40931	1.46134	0.94995	0.28319	0.13186	-0.27975	0.95905	-0.04431	-0.13901	0.00520	0.99028	
1345	13.44000	1000.57763	-1009.55706	1348.42979	-0.31959	-8.19626	16.51150	1.46280	0.94897	0.28497	0.13510	-0.28130	0.95852	-0.04587	-0.14256	0.00552	0.98977	
1346	13.45000	1005.35075	-1007.83384	1348.83807	-0.25083	-8.09476	16.47470	1.35629	0.94939	0.28418	0.13379	-0.28077	0.95876	-0.04413	-0.14081	0.00433	0.99003	
1347	13.46000	1010.28088	-1006.08704	1349.23110	-0.28520	-8.18312	16.55290	1.36582	0.94880	0.28558	0.13502	-0.28200	0.95834	-0.04532	-0.14234	0.00493	0.98981	
1348	13.47000	1015.30030	-1004.30885	1349.44834	-0.14118	-8.36865	16.63576	1.43238	0.94794	0.28663	0.13874	-0.28324	0.95804	-0.04403	-0.14554	0.00244	0.98935	
1349	13.48000	1020.18001	-1002.34227	1349.58737	-0.06972	-8.50390	16.63270	1.42793	0.94763	0.28641	0.14134	-0.28309	0.95811	-0.04349	-0.14788	0.00120	0.98901	
1350	13.49000	1025.29525	-1000.33934	1349.82755	-0.16099	-8.61049	16.66263	1.42874	0.94721	0.28714	0.14262	-0.28350	0.95789	-0.04562	-0.14972	0.00278	0.98873	
1351	13.50000	1030.44885	-998.21345	1349.94804	-0.18901	-8.64071	16.67955	1.34929	0.94705	0.28749	0.14297	-0.28376	0.95778	-0.04628	-0.15024	0.00326	0.98864	
1352	13.51000	1035.64426	-996.17871	1349.87933	-0.12814	-8.69055	16.71976	1.41775	0.94673	0.28801	0.14407	-0.28439	0.95762	-0.04561	-0.15110	0.00221	0.98852	
1353	13.52000	1041.01147	-994.07156	1349.91682	-0.17376	-8.54530	16.73863	1.45518	0.94700	0.28844	0.14142	-0.28481	0.95749	-0.04570	-0.14859	0.00300	0.98889	
1354	13.53000	1046.52585	-991.94988	1349.73003	-0.27358	-8.60545	16.97955	1.36681	0.94564	0.29271	0.14171	-0.28874	0.95619	-0.04826	-0.14963	0.00472	0.98873	
1355	13.54000	1052.16004	-989.70372	1349.51948	-0.35464	-8.71770	17.00824	1.39260	0.94522	0.29340	0.14312	-0.28913	0.95597	-0.05025	-0.15157	0.00612	0.98843	
1356	13.55000	1057.91935	-987.52466	1349.38486	-0.47522	-8.66716	16.98924	1.40608	0.94544	0.29338	0.14169	-0.28886	0.95596	-0.05196	-0.15069	0.00820	0.98855	
1357	13.56000	1063.74697	-985.19027	1349.21228	-0.53839	-8.62628	16.98900	1.34758	0.94554	0.29352	0.14069	-0.28888	0.95591	-0.05281	-0.14999	0.00929	0.98864	
1358	13.57000	1069.64285	-982.97972	1348.87220	-0.45772	-8.36614	17.16073	1.41681	0.94531	0.29615	0.13666	-0.29191	0.95511	-0.05056	-0.14550	0.00790	0.98933	
1359	13.58000	1075.48780	-980.69449	1348.57413	-0.49830	-8.36775	17.22660	1.40141	0.94497	0.29735	0.13642	-0.29300	0.95473	-0.05140	-0.14553	0.00860	0.98932	
1360	13.59000	1081.43973	-978.26059	1348.15029	-0.73982	-8.26459	17.30999	1.43403	0.94479	0.29929	0.13338	-0.29445	0.95408	-0.05509	-0.14374	0.01278	0.98953	
1361	13.60000	1087.41130	-975.94481	1347.73721	-0.69250	-8.21071	17.35224	1.42690	0.94471	0.29987	0.13270	-0.29519	0.95390	-0.05413	-0.14281	0.01196	0.98968	
1362	13.61000	1093.45554	-973.51167	1347.49871	-0.80805	-7.97724	17.51624	1.29404	0.94440	0.30281	0.12809	-0.29806	0.95295	-0.05521	-0.13878	0.01397	0.99022	
1363	13.62000	1099.52037	-971.22468	1346.99845	-0.74680	-7.97149	17.69512	1.37932	0.94348	0.30565	0.12815	-0.30101	0.95206	-0.05457	-0.13868	0.01291	0.99025	
1364	13.63000	1105.59553	-968.82849	1346.42373	-0.78344	-7.95700	17.79319	1.42220	0.94300	0.30736	0.12762	-0.30264	0.95150	-0.05532	-0.13843	0.01354	0.99028	
1365	13.64000	1111.74261	-966.46379	1346.03163	-0.84575	-7.76585	17.98204	1.38375	0.94243	0.31058	0.12395	-0.30589	0.95043	-0.05575	-0.13513	0.01463	0.99072	
1366	13.65000	1117.88752	-964.19771	1345.59241	-0.73044	-7.66664	18.16303	1.36119	0.94168	0.31331	0.12278	-0.30894	0.94957	-0.05370	-0.13341	0.01263	0.99098	
1367	13.66000	1124.04101	-961.85665	1344.99222	-0.77774	-7.61224	18.31034	1.36374	0.94100	0.31584	0.12149	-0.31140	0.94872	-0.05450	-0.13247	0.01345	0.99110	
1368	13.67000	1130.16431	-959.53705	1344.44489	-0.87579	-7.66196	18.47178	1.36777	0.94001	0.31873	0.12160	-0.31401	0.94772	-0.05674	-0.13333	0.01515	0.99096	
1369	13.68000	1136.42692	-957.43680	1343.91257	-0.75320	-7.57539	18.85263	1.31349	0.93809	0.32475	0.12050	-0.32031	0.94571	-0.05504	-0.13183	0.01303	0.99119	
1370	13.69000	1142.64034	-955.23098	1343.43004	-0.74798	-7.40120	19.10911	1.27218	0.93702	0.32893	0.11743	-0.32464	0.94427	-0.05450	-0.12882	0.01295	0.99158	
1371	13.70000	1148.90710	-953.09549	1342.84917	-0.65766	-7.49665	19.45071	1.31648	0.93487	0.33439	0.11919	-0.33015	0.94237	-0.05427	-0.13047	0.01138	0.99139	
1372	13.71000	1155.12353	-950.94307	1342.28070	-0.60977	-7.38281	19.75617	1.28460	0.93334	0.33929	0.11733	-0.33522	0.94062	-0.05345	-0.12850	0.01055	0.99165	
1373	13.72000	1161.34039	-948.80885	1341.74163	-0.47537	-7.45847	20.14527	1.24593	0.93088	0.34540	0.11900	-0.34149	0.93842	-0.05249	-0.12981	0.00823	0.99151	
1374	13.73000	1167.39343	-946.61285	1341.29079	-0.39701	-7.27637	20.53180	1.19805	0.92894	0.35154	0.11618	-0.34790	0.93615	-0.05091	-0.12666	0.00687	0.99192	
1375	13.74000	1173.46592	-944.34864	1340.78063	-0.33436	-7.31022	20.85135	1.20533	0.92691	0.35663	0.11683	-0.35305	0.93423	-0.05074	-0.12724	0.00579	0.99185	
1376	13.75000	1179.51182	-941.98454	1340.32509	-0.31350	-7.32586	21.14553	1.19455	0.92505	0.36138	0.11695	-0.35779	0.93240	-0.05110	-0.12751	0.00543	0.99182	
1377	13.76000	1185.38366	-939.63375	1339.99948	-0.05655	-7.16851	21.39418	1.19617	0.92381	0.36490	0.11583	-0.36193	0.93105	-0.04644	-0.12479	0.00098	0.99218	
1378	13.77000	1191.41522	-937.17374	1339.64194	-0.10795	-7.00933	21.72795	1.18165	0.92201	0.37041	0.11266	-0.36743	0.92887	-0.04693	-0.12203	0.00187	0.99252	
1379	13.78000	1197.34967	-934.61682	1339.35920	-0.05009	-6.99026	21.98552	1.19238	0.92039	0.37447	0.11252	-0.37159	0.92724	-0.04637	-0.12170	0.00087	0.99257	
1380	13.79000	1202.98664	-932.45126	1338.19497	-0.35577	-5.63765	21.73561	0.87122	0.92441	0.37088	0.08895	-0.36853	0.92866	-0.04215	-0.09824	0.00618	0.99514	
1381	13.80000	1209.22560	-929.80112	1338.56070	0.32689	-5.06403	21.97968	1.08137	0.92370	0.37380	0.08399	-0.37282	0.92749	-0.02775	-0.08827	-0.00568	0.99608	
1382	13.81000	1214.37958	-926.85289	1337.86102	-0.30463	-5.22563	22.16908	1.01629	0.92223	0.37778	0.08234	-0.37577	0.92588	-0.03929	-0.09108	0.00529	0.99583	
1383	13.82000	1219.90820	-923.99916	1337.73222	-0.24670	-5.18390	22.36644	1.00959	0.92099	0.38089	0.08192	-0.37897	0.92461	-0.03836	-0.09035	0.00429	0.99590	
1384	13.83000	1225.65770	-920.83250	1337.88932	0.48853	-4.83684	22.16767	1.27818	0.92279	0.37664	0.08130	-0.37597	0.92632	-0.02392	-0.08432	-0.00850	0.99640	
1385	13.84000	1231.08772	-917.88386	1337.95372	0.42522	-4.83353	22.24505	1.30532	0.92228	0.37798	0.08080	-0.37722	0.92578	-0.02503	-0.08426	-0.00740	0.99642	
1386	13.85000	1236.44923	-914.92882	1338.04197	0.35302	-4.86517	22.57208	1.26241	0.92007	0.38336	0.08068	-0.38246	0.92358	-0.02686	-0.08481	-0.00614	0.99638	
1387	13.86000	1241.59839	-911.79142	1338.10327	0.31700	-4.96692	22.70355	1.25561	0.91905	0.38552	0.08201	-0.38451	0.92268	-0.02831	-0.08658	-0.00551	0.99623	
1388	13.87000	1246.73027	-908.71641	1338.27433	0.20857	-4.98812	22.82401	1.32637	0.91821	0.38761	0.08155	-0.38643	0.92182	-0.03037	-0.08695	-0.00363	0.99621	
1389	13.88000	1251.84645	-905.59150	1338.38797	0.15983	-5.10503	23.05829	1.29522	0.91646	0.39144	0.08296	-0.39011	0.92020	-0.03228	-0.08898	-0.00278	0.99603	
1390	13.89000	1256.94085	-902.42697	1338.64039	0.05822	-5.11947	23.31419	1.30737	0.91468	0.39569	0.08235	-0.39419	0.91838	-0.03438	-0.08923	-0.00101	0.99601	
1391	13.90000	1261.93898	-899.43957	1338.49364	-0.55133	-5.56929	23.52956	1.36322	0.91253	0.40006	0.08513	-0.39734	0.91644	-0.04756	-0.09705	0.00958	0.99523	
1392	13.91000	1266.87127	-896.20294	1338.67543	-0.70666	-5.65792	23.76990	1.37954	0.91071	0.40415	0.08525	-0.40110	0.91461	-0.05102	-0.09859	0.01227	0.99505	
1393	13.92000	1271.72224	-892.79079	1339.03793	-0.79963	-5.65416	23.88879	1.36425	0.90988	0.40618	0.08442	-0.40299	0.91369	-0.05265	-0.09852	0.01389	0.99504	
1394	13.93000	1276.56433	-889.41399	1339.34501	-0.98984	-5.64685	24.06117	1.42232	0.90868	0.40920	0.08279	-0.40573	0.91228	-0.05589	-0.09840	0.01719	0.99500	
1395	13.94000	1281.34384	-885.93648	1339.70356	-1.16613	-5.66313	24.28307	1.38477	0.90708	0.41299	0.08156	-0.40924	0.91051	-0.05912	-0.09868	0.02025	0.99491	
1396	13.95000	1286.13578	-882.50013	1340.10181	-1.27533	-5.77733	24.50730	1.39821	0.90529	0.41674	0.08234	-0.41270	0.90875	-0.06200	-0.10066	0.02214	0.99467	
1397	13.96000	1290.81426	-878.93542	1340.46044	-1.47432	-5.76706	24.64150	1.44869	0.90433	0.41915	0.08058	-0.41483	0.90756	-0.06527	-0.10048	0.02560	0.99461	
1398	13.97000	1295.50440	-875.38425	1340.88665	-1.63968	-5.79457	24.87131	1.37363	0.90262	0.42303	0.07953	-0.41843	0.90567	-0.06841	-0.10096	0.02847	0.99448	
1399	13.98000	1300.04825	-871.63716	1341.30694	-1.86897	-5.80703	24.94996	1.40320	0.90202	0.42459	0.07793	-0.41966	0.90480	-0.07223	-0.10118	0.03245	0.99434	
1400	13.99000	1304.59809	-867.92948	1341.76070	-1.91913	-5.83852	24.99516	1.49795	0.90164	0.42539	0.07800	-0.42035	0.90440	-0.07331	-0.10173	0.03332	0.99425	
1401	14.00000	1309.22242	-864.18583	1342.17722	-2.18583	-5.86543	25.18659	1.41861	0.90019	0.42878	0.07618	-0.42334	0.90261	-0.07797	-0.10219	0.03794	0.99404	
1402	14.01000	1313.66367	-860.42267	1342.62723	-2.38891	-5.81087	25.29405	1.43698	0.89948	0.43071	0.07365	-0.42507	0.90154	-0.08091	-0.10125	0.04147	0.99400	
1403	14.02000	1318.08467	-856.62868	1343.05003	-2.61805	-5.88266	25.55028	1.40194	0.89746	0.43508	0.07267	-0.42903	0.89925	-0.08537	-0.10249	0.04544	0.99370	
1404	14.03000	1322.49738	-852.78595	1343.51635	-2.72280	-5.92655	25.62506	1.41328	0.89682	0.43641	0.07245	-0.43017	0.89850	-0.08744	-0.10325	0.04725	0.99353	
1405	14.04000	1326.81360	-848.89553	1343.91942	-2.92714	-5.94535	25.79102	1.39819	0.89554	0.43928	0.07092	-0.43275	0.89691	-0.09099	-0.10358	0.05079	0.99332	
1406	14.05000	1331.10818	-845.00256	1344.33613	-3.20398	-6.00077	25.93193	1.46791	0.89439	0.44187	0.06943	-0.43491	0.89535	-0.09591	-0.10454	0.05558	0.99297	
1407	14.06000	1335.37921	-841.08577	1344.69014	-3.25683	-5.96529	26.07503	1.45917	0.89336	0.44414	0.06823	-0.43717	0.89417	-0.09664	-0.10393	0.05650	0.99298	
1408	14.07000	1339.62536	-837.16796	1345.12611	-3.41700	-6.01206	26.34251	1.41869	0.89123	0.44854	0.06725	-0.44130	0.89179	-0.09981	-0.10474	0.05927	0.99273	
1409	14.08000	1343.67133	-833.23754	1345.49097	-3.51968	-6.08514	26.49213	1.44968	0.88995	0.45106	0.06731	-0.44356	0.89040	-0.10214	-0.10601	0.06105	0.99249	
1410	14.09000	1347.88981	-829.31973	1345.88587	-3.79547	-6.32323	26.88002	1.34738	0.88653	0.45763	0.06809	-0.44937	0.88670	-0.10873	-0.11014	0.06579	0.99174	
1411	14.10000	1351.84417	-825.39701	1346.23314	-3.89624	-6.30048	27.03024	1.43891	0.88539	0.46005	0.06665	-0.45172	0.88532	-0.11029	-0.10974	0.06754	0.99166	
1412	14.11000	1356.00679	-821.44794	1346.50540	-3.98612	-6.39888	27.36432	1.40385	0.88257	0.46542	0.06679	-0.45678	0.88239	-0.11284	-0.11145	0.06908	0.99137	
1413	14.12000	1360.05414	-817.61785	1346.74507	-4.02656	-6.38513	27.68194	1.39462	0.88005	0.47033	0.06562	-0.46168	0.87973	-0.11372	-0.11121	0.06978	0.99134	
1414	14.13000	1363.99637	-813.54924	1347.06479	-4.09477	-6.20750	27.84651	1.48009	0.87902	0.47274	0.06201	-0.46437	0.87834	-0.11352	-0.10813	0.07099	0.99160	
1415	14.14000	1367.83680	-810.98171	1347.19242	-4.62648	-6.65284	26.97326	2.05001	0.88522	0.46042	0.06633	-0.45052	0.88408	-0.12426	-0.11585	0.08012	0.99003	
1416	14.15000	1371.82371	-806.91475	1347.48684	-4.67025	-6.66294	27.30462	2.03902	0.88258	0.46559	0.06541	-0.45562	0.88130	-0.12540	-0.11603	0.08087	0.98995	
1417	14.16000	1375.69953	-802.96205	1347.63146	-4.70749	-6.67901	27.75196	2.04224	0.87897	0.47252	0.06437	-0.46248	0.87754	-0.12660	-0.11631	0.08151	0.98986	
1418	14.17000	1379.58476	-798.96170	1347.81623	-4.80136	-6.66805	28.01812	2.07744	0.87683	0.47668	0.06283	-0.46657	0.87514	-0.12825	-0.11612	0.08314	0.98975	
1419	14.18000	1383.48306	-795.00812	1347.91862	-4.79496	-6.62690	28.38985	2.13595	0.87385	0.48229	0.06142	-0.47229	0.87207	-0.12822	-0.11540	0.08303	0.98984	
1420	14.19000	1387.35091	-790.93463	1348.06575	-4.87709	-6.50683	28.67572	2.17476	0.87170	0.48657	0.05827	-0.47676	0.86955	-0.12877	-0.11332	0.08447	0.98996	
1421	14.20000	1391.22168	-786.83500	1348.12660	-4.85662	-6.60931	29.04325	2.22156	0.86844	0.49225	0.05916	-0.48224	0.86638	-0.12969	-0.11510	0.08410	0.98979	
1422	14.21000	1395.10389	-782.58677	1348.22114	-4.90308	-6.39685	29.46777	2.17781	0.86521	0.49842	0.05460	-0.48887	0.86276	-0.12902	-0.11141	0.08494	0.99014	
1423	14.22000	1398.99054	-778.26876	1348.24121	-4.89923	-6.33879	29.78773	2.20251	0.86257	0.50316	0.05304	-0.49375	0.86002	-0.12877	-0.11041	0.08488	0.99026	
1424	14.23000	1402.97080	-773.88980	1348.27455	-4.86823	-6.27319	30.07951	2.21898	0.86015	0.50742	0.05168	-0.49820	0.85756	-0.12800	-0.10927	0.08436	0.99043	
1425	14.24000	1406.92473	-769.54550	1348.28210	-4.90440	-6.13927	30.38922	2.30021	0.85766	0.51191	0.04867	-0.50297	0.85483	-0.12765	-0.10695	0.08500	0.99062	
1426	14.25000	1410.88186	-765.20369	1348.28674	-4.96462	-6.08649	30.68042	2.25900	0.85518	0.51623	0.04669	-0.50737	0.85212	-0.12833	-0.10603	0.08605	0.99063	
1427	14.26000	1414.81191	-760.69690	1348.28464	-5.08907	-6.03877	30.83665	2.37614	0.85387	0.51858	0.04450	-0.50975	0.85046	-0.12988	-0.10520	0.08821	0.99053	
1428	14.27000	1418.76669	-755.94725	1348.20388	-5.01596	-6.03280	31.19742	2.32948	0.85065	0.52386	0.04427	-0.51512	0.84735	-0.12902	-0.10510	0.08695	0.99065	
1429	14.28000	1422.53519	-751.19047	1348.24857	-5.10397	-5.82360	31.24598	2.35549	0.85054	0.52437	0.04026	-0.51604	0.84688	-0.12848	-0.10147	0.08850	0.99089	
1430	14.29000	1426.58006	-746.23587	1348.06466	-4.61373	-6.10556	31.39669	1.79064	0.84874	0.52657	0.04859	-0.51801	0.84636	-0.12389	-0.10636	0.07998	0.99111	
