NO_OF_FRAMES	1553
NO_OF_CAMERAS	12
NO_OF_BODIES	1
FREQUENCY	100
NO_OF_ANALOG	0
ANALOG_FREQUENCY	0
DESCRIPTION	--
TIME_STAMP	2022-06-30, 15:14:23.918	1827468.91681710
DATA_INCLUDED	6D
BODY_NAMES	Drone
BODY_FILTERS	No filter
TRANSLATION_ORIGIN	Global	
ROTATION_ORIGIN	Global	
Frame	Time	Drone X	Y	Z	Roll	Pitch	Yaw	Residual	Rot[0]	Rot[1]	Rot[2]	Rot[3]	Rot[4]	Rot[5]	Rot[6]	Rot[7]	Rot[8]	
1082	10.81000	3353.29975	431.07764	1306.80983	0.89444	0.83161	7.73376	0.65966	0.99080	0.13478	-0.01228	-0.13456	0.99075	0.01742	0.01451	-0.01561	0.99977	
1083	10.82000	3357.85263	441.93286	1307.34206	1.05218	0.77636	7.66374	0.67335	0.99098	0.13358	-0.01098	-0.13335	0.99087	0.02001	0.01355	-0.01836	0.99974	
1084	10.83000	3362.42791	452.66630	1307.77629	1.07562	0.84635	7.75293	0.60318	0.99075	0.13515	-0.01210	-0.13489	0.99065	0.02059	0.01477	-0.01877	0.99971	
1085	10.84000	3366.83537	463.42532	1308.49588	1.07958	1.43685	7.94547	0.81350	0.99009	0.13867	-0.02223	-0.13819	0.99016	0.02213	0.02508	-0.01884	0.99951	
1086	10.85000	3371.68186	474.38156	1308.49871	1.22858	0.64655	7.79101	0.58080	0.99071	0.13577	-0.00827	-0.13555	0.99051	0.02277	0.01128	-0.02144	0.99971	
1087	10.86000	3376.51173	485.51170	1308.91715	1.40272	0.61657	7.61917	0.62327	0.99111	0.13281	-0.00742	-0.13258	0.99084	0.02569	0.01076	-0.02448	0.99964	
1088	10.87000	3381.13954	496.25664	1309.46407	1.30347	1.27311	7.86883	0.72530	0.99034	0.13737	-0.01889	-0.13687	0.99026	0.02557	0.02222	-0.02274	0.99949	
1089	10.88000	3386.01051	507.24641	1309.88093	1.31029	1.23004	7.89256	0.78887	0.99030	0.13777	-0.01812	-0.13728	0.99020	0.02560	0.02147	-0.02286	0.99951	
1090	10.89000	3391.05746	518.43575	1309.80634	1.45711	0.37712	7.73426	0.57668	0.99088	0.13470	-0.00310	-0.13458	0.99056	0.02608	0.00658	-0.02543	0.99966	
1091	10.90000	3395.99620	529.69732	1310.19191	1.60739	0.30401	7.77084	0.57947	0.99080	0.13531	-0.00146	-0.13521	0.99041	0.02851	0.00531	-0.02805	0.99959	
1092	10.91000	3400.94410	540.83302	1310.46057	1.65399	0.24807	7.84115	0.54839	0.99064	0.13649	-0.00035	-0.13643	0.99022	0.02918	0.00433	-0.02886	0.99957	
1093	10.92000	3405.92479	552.04175	1310.80821	1.66575	0.12782	7.72772	0.58293	0.99092	0.13447	0.00170	-0.13447	0.99049	0.02910	0.00223	-0.02907	0.99957	
1094	10.93000	3410.87335	563.07275	1311.07606	1.69810	0.08258	7.87893	0.51793	0.99056	0.13706	0.00264	-0.13708	0.99012	0.02955	0.00144	-0.02963	0.99956	
1095	10.94000	3415.80232	574.25710	1311.42693	1.75157	-0.08520	7.87913	0.55714	0.99056	0.13697	0.00566	-0.13708	0.99010	0.03007	-0.00149	-0.03057	0.99953	
1096	10.95000	3420.52263	585.40378	1312.03550	1.77722	0.50497	8.04115	0.75771	0.99013	0.14009	-0.00438	-0.13988	0.98965	0.03194	0.00881	-0.03101	0.99948	
1097	10.96000	3425.67498	596.84980	1312.19234	1.94889	-0.18616	8.04187	0.57855	0.99016	0.13971	0.00797	-0.13990	0.98961	0.03322	-0.00325	-0.03401	0.99942	
1098	10.97000	3430.59997	608.15485	1312.51656	1.99184	-0.24393	8.10492	0.52818	0.99000	0.14075	0.00911	-0.14099	0.98943	0.03381	-0.00426	-0.03476	0.99939	
1099	10.98000	3435.68397	619.58802	1312.98033	1.99546	-0.37005	8.21957	0.55028	0.98971	0.14266	0.01137	-0.14296	0.98916	0.03354	-0.00646	-0.03482	0.99937	
1100	10.99000	3440.73805	630.97425	1313.35130	2.09391	-0.61905	8.28355	0.52431	0.98951	0.14359	0.01595	-0.14406	0.98896	0.03460	-0.01080	-0.03654	0.99927	
1101	11.00000	3445.86287	642.50137	1313.69549	2.09815	-0.63563	8.37347	0.56689	0.98928	0.14513	0.01630	-0.14562	0.98874	0.03461	-0.01109	-0.03661	0.99927	
1102	11.01000	3450.76186	653.90995	1314.35191	2.13651	-0.17915	8.46112	0.79247	0.98911	0.14692	0.00858	-0.14714	0.98845	0.03641	-0.00313	-0.03728	0.99930	
1103	11.02000	3455.88679	665.49432	1314.75567	2.17346	-0.18681	8.59310	0.81667	0.98877	0.14919	0.00889	-0.14942	0.98808	0.03701	-0.00326	-0.03792	0.99928	
1104	11.03000	3461.15033	677.35242	1314.84023	2.30761	-1.04617	8.89883	0.43990	0.98780	0.15384	0.02425	-0.15466	0.98728	0.03696	-0.01826	-0.04026	0.99902	
1105	11.04000	3466.16577	688.82506	1315.22806	2.38130	-1.14768	8.63473	0.54309	0.98847	0.14918	0.02602	-0.15010	0.98794	0.03807	-0.02003	-0.04154	0.99894	
1106	11.05000	3471.10185	700.46525	1315.64375	2.37112	-1.32066	8.73815	0.51781	0.98813	0.15085	0.02905	-0.15188	0.98769	0.03739	-0.02305	-0.04136	0.99888	
1107	11.06000	3475.95875	712.14067	1316.05170	2.34305	-1.31080	8.82105	0.53472	0.98791	0.15230	0.02886	-0.15331	0.98749	0.03689	-0.02288	-0.04087	0.99890	
1108	11.07000	3480.76734	723.90300	1316.51812	2.41770	-1.47293	8.76831	0.51668	0.98799	0.15123	0.03181	-0.15239	0.98760	0.03778	-0.02570	-0.04217	0.99878	
1109	11.08000	3485.55020	735.69482	1317.07274	2.41930	-1.36717	8.72871	0.50694	0.98814	0.15063	0.02997	-0.15171	0.98769	0.03811	-0.02386	-0.04220	0.99882	
1110	11.09000	3490.25014	747.42272	1317.55639	2.32771	-1.46117	8.73201	0.52262	0.98809	0.15066	0.03135	-0.15176	0.98775	0.03628	-0.02550	-0.04060	0.99885	
1111	11.10000	3495.01266	759.36164	1318.12928	2.26728	-1.27996	8.71221	0.57067	0.98821	0.15048	0.02806	-0.15143	0.98782	0.03572	-0.02234	-0.03955	0.99897	
1112	11.11000	3499.77925	771.17524	1318.68991	2.23653	-1.40223	8.81853	0.50331	0.98788	0.15224	0.03015	-0.15326	0.98757	0.03481	-0.02447	-0.03901	0.99894	
1113	11.12000	3504.60456	783.43838	1319.41813	2.23723	-1.22407	9.22962	0.46568	0.98683	0.15945	0.02733	-0.16035	0.98643	0.03511	-0.02136	-0.03903	0.99901	
1114	11.13000	3509.29506	795.31245	1320.16775	2.41242	-1.32601	8.53582	0.69646	0.98866	0.14733	0.02911	-0.14839	0.98819	0.03819	-0.02314	-0.04208	0.99885	
1115	11.14000	3513.89604	807.21173	1320.98516	2.33080	-1.17431	9.19430	0.48094	0.98694	0.15883	0.02671	-0.15975	0.98647	0.03687	-0.02049	-0.04066	0.99896	
1116	11.15000	3518.42661	818.83023	1321.90011	2.25540	-1.25233	9.03014	0.57231	0.98737	0.15598	0.02774	-0.15692	0.98698	0.03544	-0.02186	-0.03934	0.99899	
1117	11.16000	3522.84665	830.69578	1322.82168	2.41902	-1.37331	9.04867	0.56102	0.98727	0.15613	0.03029	-0.15723	0.98683	0.03792	-0.02397	-0.04220	0.99882	
1118	11.17000	3527.15782	842.57293	1323.77955	2.51542	-1.28611	9.21991	0.53085	0.98683	0.15910	0.02917	-0.16018	0.98629	0.03973	-0.02245	-0.04388	0.99878	
1119	11.18000	3531.37551	854.36132	1324.70501	2.53574	-1.37108	9.41847	0.51020	0.98624	0.16244	0.03082	-0.16360	0.98573	0.03973	-0.02393	-0.04423	0.99873	
1120	11.19000	3535.36470	866.09956	1326.13605	2.51884	-0.42539	9.51934	0.80512	0.98620	0.16490	0.01458	-0.16538	0.98533	0.04212	-0.00742	-0.04395	0.99901	
1121	11.20000	3539.77519	878.29851	1326.93382	2.77466	-1.43265	9.29193	0.71005	0.98657	0.16008	0.03246	-0.16141	0.98592	0.04374	-0.02500	-0.04839	0.99852	
1122	11.21000	3543.77708	890.32216	1328.19660	2.63394	-1.20956	10.14578	0.51987	0.98414	0.17501	0.02885	-0.17611	0.98349	0.04152	-0.02111	-0.04594	0.99872	
1123	11.22000	3547.71888	901.85714	1329.46850	2.63844	-1.32422	9.77218	0.57553	0.98523	0.16850	0.03056	-0.16969	0.98463	0.04145	-0.02311	-0.04602	0.99867	
1124	11.23000	3551.61235	913.84396	1330.79837	2.71218	-1.32380	9.88394	0.56049	0.98489	0.17038	0.03086	-0.17161	0.98424	0.04266	-0.02310	-0.04731	0.99861	
1125	11.24000	3555.41163	925.77939	1332.07548	2.70495	-1.35889	10.01990	0.52240	0.98447	0.17269	0.03154	-0.17394	0.98384	0.04235	-0.02371	-0.04718	0.99860	
1126	11.25000	3559.13546	937.85621	1333.34636	2.75995	-1.31447	10.08526	0.57528	0.98429	0.17382	0.03099	-0.17507	0.98360	0.04340	-0.02294	-0.04814	0.99858	
1127	11.26000	3562.79582	949.81439	1334.64800	2.74006	-1.51903	10.14434	0.55557	0.98402	0.17468	0.03448	-0.17607	0.98346	0.04239	-0.02651	-0.04779	0.99851	
1128	11.27000	3566.37843	961.91679	1335.92188	2.71967	-1.46698	10.26630	0.58202	0.98367	0.17683	0.03362	-0.17817	0.98310	0.04213	-0.02560	-0.04743	0.99855	
1129	11.28000	3569.95250	974.01349	1337.25004	2.71359	-1.62402	10.31937	0.56215	0.98343	0.17761	0.03633	-0.17906	0.98296	0.04151	-0.02834	-0.04732	0.99848	
1130	11.29000	3573.47461	986.14968	1338.61261	2.64295	-1.62832	10.43484	0.55998	0.98306	0.17964	0.03627	-0.18104	0.98265	0.04021	-0.02842	-0.04609	0.99853	
1131	11.30000	3576.92565	998.30845	1339.88619	2.71080	-1.74095	10.56554	0.57583	0.98259	0.18174	0.03850	-0.18328	0.98221	0.04093	-0.03038	-0.04727	0.99842	
1132	11.31000	3580.35373	1010.58866	1341.26256	2.72286	-1.91812	10.75281	0.53369	0.98189	0.18480	0.04171	-0.18647	0.98163	0.04043	-0.03347	-0.04748	0.99831	
1133	11.32000	3583.65932	1022.87130	1342.55763	2.70703	-1.83560	10.90953	0.57358	0.98142	0.18756	0.04036	-0.18916	0.98112	0.04032	-0.03203	-0.04720	0.99837	
1134	11.33000	3586.91637	1035.02119	1343.80937	2.69773	-2.10407	11.07415	0.51748	0.98072	0.19017	0.04503	-0.19195	0.98062	0.03915	-0.03671	-0.04704	0.99822	
1135	11.34000	3590.02337	1047.31828	1344.97077	2.70252	-2.16498	11.26337	0.52172	0.98004	0.19336	0.04622	-0.19518	0.98000	0.03887	-0.03778	-0.04712	0.99817	
1136	11.35000	3593.15721	1059.52241	1346.20708	2.56605	-2.34947	11.46799	0.53448	0.97921	0.19682	0.04904	-0.19865	0.97942	0.03573	-0.04099	-0.04473	0.99816	
1137	11.36000	3596.16078	1071.97712	1347.42191	2.66886	-2.40783	11.61224	0.54737	0.97867	0.19915	0.05048	-0.20111	0.97886	0.03716	-0.04201	-0.04652	0.99803	
1138	11.37000	3599.15978	1084.72643	1348.64161	2.61531	-2.44829	12.44238	0.60986	0.97562	0.21333	0.05150	-0.21526	0.97592	0.03536	-0.04272	-0.04559	0.99805	
1139	11.38000	3601.98952	1096.51457	1349.65415	2.45586	-2.61308	11.94789	0.49148	0.97732	0.20492	0.05343	-0.20681	0.97784	0.03249	-0.04559	-0.04281	0.99804	
1140	11.39000	3604.84200	1110.50076	1350.94046	2.52986	-2.81191	11.41984	2.34908	0.97902	0.19568	0.05678	-0.19776	0.97968	0.03356	-0.04906	-0.04409	0.99782	
1141	11.40000	3607.41116	1121.38656	1351.92191	2.43449	-2.94401	12.32145	0.47962	0.97568	0.21107	0.05920	-0.21311	0.97655	0.03055	-0.05136	-0.04242	0.99778	
1142	11.41000	3610.02409	1133.86459	1353.02901	2.39144	-3.13309	12.46462	0.51244	0.97497	0.21342	0.06233	-0.21551	0.97607	0.02896	-0.05466	-0.04166	0.99764	
1143	11.42000	3612.54304	1146.39224	1354.09381	2.44128	-3.25619	12.59597	0.48951	0.97436	0.21552	0.06467	-0.21772	0.97557	0.02919	-0.05680	-0.04253	0.99748	
1144	11.43000	3615.01298	1158.90869	1355.17706	2.32066	-3.40317	12.74533	0.54658	0.97364	0.21809	0.06678	-0.22023	0.97509	0.02641	-0.05936	-0.04042	0.99742	
1145	11.44000	3617.33379	1171.49702	1356.10327	2.26328	-3.53991	12.85412	0.55348	0.97308	0.21992	0.06894	-0.22205	0.97472	0.02478	-0.06174	-0.03942	0.99731	
1146	11.45000	3619.67683	1184.11146	1357.05145	2.17875	-3.65459	13.00907	0.53650	0.97235	0.22258	0.07062	-0.22465	0.97418	0.02270	-0.06374	-0.03794	0.99725	
1147	11.46000	3621.96850	1196.74342	1358.05194	2.12694	-3.86916	13.11238	0.59312	0.97171	0.22427	0.07409	-0.22634	0.97382	0.02085	-0.06748	-0.03703	0.99703	
1148	11.47000	3624.11658	1209.40784	1358.94562	2.04271	-4.03112	13.27332	0.61304	0.97088	0.22701	0.07656	-0.22903	0.97324	0.01856	-0.07030	-0.03556	0.99689	
1149	11.48000	3626.25237	1222.12053	1359.89191	2.04187	-4.15773	13.35016	0.58545	0.97042	0.22824	0.07873	-0.23029	0.97296	0.01794	-0.07250	-0.03554	0.99673	
1150	11.49000	3628.30081	1234.82142	1360.83746	2.00009	-4.33079	13.46105	0.62497	0.96975	0.23008	0.08152	-0.23212	0.97255	0.01637	-0.07551	-0.03480	0.99654	
1151	11.50000	3630.22005	1247.50565	1361.73181	1.86823	-4.44665	13.56277	0.66047	0.96919	0.23193	0.08297	-0.23380	0.97219	0.01352	-0.07753	-0.03250	0.99646	
1152	11.51000	3632.14064	1260.23584	1362.72509	1.91209	-4.62207	13.55174	0.62709	0.96900	0.23158	0.08611	-0.23356	0.97225	0.01357	-0.08058	-0.03326	0.99619	
1153	11.52000	3633.83053	1272.95743	1363.60274	1.81891	-4.73626	13.64812	0.66749	0.96844	0.23329	0.08769	-0.23515	0.97189	0.01137	-0.08257	-0.03163	0.99608	
1154	11.53000	3635.47832	1285.60117	1364.47766	1.64674	-4.82034	13.75940	0.72758	0.96787	0.23540	0.08842	-0.23700	0.97148	0.00793	-0.08403	-0.02864	0.99605	
1155	11.54000	3637.05908	1298.32314	1365.43873	1.75275	-5.05180	13.69016	0.68927	0.96782	0.23394	0.09275	-0.23575	0.97177	0.00889	-0.08806	-0.03047	0.99565	
1156	11.55000	3638.54490	1310.97196	1366.37063	1.68399	-5.13706	13.75714	0.72795	0.96741	0.23515	0.09392	-0.23685	0.97152	0.00726	-0.08954	-0.02927	0.99555	
1157	11.56000	3639.97162	1323.65158	1367.26659	1.62319	-5.23304	13.79419	0.71999	0.96711	0.23583	0.09529	-0.23744	0.97138	0.00577	-0.09121	-0.02821	0.99543	
1158	11.57000	3641.35365	1336.31877	1368.22041	1.59699	-5.43368	13.89169	0.73039	0.96639	0.23743	0.09858	-0.23901	0.97101	0.00433	-0.09469	-0.02774	0.99512	
1159	11.58000	3642.67337	1349.17594	1369.35830	1.29466	-5.37870	13.82917	0.63930	0.96674	0.23691	0.09640	-0.23798	0.97127	-0.00046	-0.09374	-0.02249	0.99534	
1160	11.59000	3643.82685	1361.76171	1370.25335	1.18231	-5.47399	13.88769	0.63757	0.96634	0.23806	0.09754	-0.23892	0.97103	-0.00286	-0.09539	-0.02054	0.99523	
1161	11.60000	3644.91774	1374.33640	1371.31932	1.11063	-5.52784	13.91021	0.59227	0.96616	0.23854	0.09815	-0.23928	0.97094	-0.00434	-0.09633	-0.01929	0.99516	
1162	11.61000	3645.88949	1386.58039	1372.26050	1.43537	-5.67342	14.06176	0.67991	0.96528	0.24049	0.10195	-0.24178	0.97033	0.00029	-0.09886	-0.02493	0.99479	
1163	11.62000	3646.71533	1398.89127	1373.23100	1.29235	-5.65059	14.24371	0.59785	0.96455	0.24383	0.10096	-0.24485	0.96956	-0.00236	-0.09846	-0.02244	0.99489	
1164	11.63000	3647.42990	1411.45108	1374.33596	1.03835	-5.63704	14.28746	0.48696	0.96438	0.24502	0.09964	-0.24559	0.96935	-0.00668	-0.09823	-0.01803	0.99500	
1165	11.64000	3648.12529	1423.62308	1375.29579	1.27368	-5.66197	14.46161	0.49995	0.96359	0.24755	0.10106	-0.24851	0.96862	-0.00311	-0.09866	-0.02212	0.99488	
1166	11.65000	3648.73304	1436.08629	1376.53466	0.94840	-5.70114	14.51104	0.45658	0.96331	0.24894	0.10030	-0.24933	0.96838	-0.00886	-0.09934	-0.01647	0.99492	
1167	11.66000	3649.28004	1448.50606	1377.66423	0.88558	-5.70506	14.65602	0.47728	0.96267	0.25150	0.10007	-0.25176	0.96774	-0.01020	-0.09941	-0.01538	0.99493	
1168	11.67000	3649.84378	1460.92893	1378.77647	0.89419	-5.70154	14.77608	0.58990	0.96215	0.25351	0.10003	-0.25378	0.96721	-0.01024	-0.09935	-0.01553	0.99493	
1169	11.68000	3650.57503	1473.31783	1380.04972	0.91102	-5.76192	14.91234	0.62266	0.96144	0.25577	0.10109	-0.25604	0.96661	-0.01047	-0.10039	-0.01582	0.99482	
1170	11.69000	3651.22844	1485.71465	1381.27547	0.99957	-5.68525	15.09491	0.72348	0.96075	0.25871	0.10017	-0.25914	0.96580	-0.00895	-0.09906	-0.01736	0.99493	
1171	11.70000	3651.90084	1498.23350	1382.51559	0.96172	-5.70164	15.29394	0.88901	0.95981	0.26213	0.10024	-0.26247	0.96489	-0.01001	-0.09935	-0.01670	0.99491	
1172	11.71000	3652.64973	1510.50681	1383.71852	1.35451	-5.72476	15.56825	1.07372	0.95851	0.26604	0.10241	-0.26705	0.96368	-0.00399	-0.09975	-0.02352	0.99473	
1173	11.72000	3653.24868	1522.81844	1385.02970	1.26240	-5.70954	15.67226	1.03836	0.95805	0.26796	0.10171	-0.26879	0.96318	-0.00566	-0.09949	-0.02192	0.99480	
1174	11.73000	3653.76935	1535.19293	1386.46222	0.88434	-5.47478	15.37397	0.61340	0.95982	0.26367	0.09607	-0.26391	0.96449	-0.01041	-0.09541	-0.01536	0.99532	
1175	11.74000	3654.34677	1547.81312	1387.72913	1.19150	-5.54964	15.82004	0.95423	0.95761	0.27062	0.09869	-0.27134	0.96246	-0.00635	-0.09671	-0.02070	0.99510	
1176	11.75000	3654.88294	1561.04079	1389.13962	1.72218	-5.53881	15.09083	1.51189	0.96101	0.25743	0.10097	-0.25913	0.96583	0.00390	-0.09652	-0.02991	0.99488	
1177	11.76000	3655.25235	1571.87059	1390.42298	1.13210	-5.39841	15.87920	0.56283	0.95757	0.27177	0.09588	-0.27240	0.96216	-0.00673	-0.09408	-0.01967	0.99537	
1178	11.77000	3655.66156	1585.00036	1391.96585	1.68447	-5.54550	16.33281	0.76909	0.95515	0.27837	0.10096	-0.27990	0.96003	0.00105	-0.09664	-0.02926	0.99489	
1179	11.78000	3656.03350	1597.58216	1393.50278	1.75151	-5.46951	16.57299	0.83980	0.95409	0.28231	0.10003	-0.28394	0.95884	0.00212	-0.09532	-0.03043	0.99498	
1180	11.79000	3656.31190	1609.23274	1394.79356	1.53001	-5.47930	16.41949	0.54806	0.95483	0.28012	0.09911	-0.28138	0.95960	-0.00137	-0.09549	-0.02658	0.99508	
1181	11.80000	3656.50005	1621.65044	1396.07316	1.66104	-5.48068	16.67783	0.56235	0.95355	0.28422	0.09977	-0.28568	0.95833	0.00037	-0.09551	-0.02885	0.99501	
1182	11.81000	3656.79351	1634.28814	1397.53679	2.01084	-5.39462	17.00140	0.76095	0.95206	0.28906	0.10011	-0.29110	0.95667	0.00608	-0.09401	-0.03493	0.99496	
1183	11.82000	3656.92576	1646.11514	1398.75795	1.73659	-5.39951	16.98282	0.52848	0.95215	0.28922	0.09881	-0.29079	0.95679	0.00151	-0.09410	-0.03017	0.99511	
1184	11.83000	3657.09993	1658.45083	1399.95038	1.78689	-5.38539	17.13426	0.51485	0.95140	0.29167	0.09883	-0.29331	0.95601	0.00216	-0.09385	-0.03104	0.99510	
1185	11.84000	3657.31960	1671.33698	1401.17478	2.20556	-5.38754	17.78846	0.86520	0.94798	0.30184	0.10109	-0.30415	0.95259	0.00798	-0.09389	-0.03831	0.99484	
1186	11.85000	3657.70969	1686.48982	1402.58678	2.74496	-5.49088	16.15798	2.24123	0.95609	0.27357	0.10513	-0.27701	0.96067	0.01940	-0.09569	-0.04767	0.99427	
1187	11.86000	3657.75773	1694.75567	1403.48476	1.22801	-5.32410	18.02003	1.13354	0.94685	0.30739	0.09485	-0.30801	0.95135	-0.00832	-0.09279	-0.02134	0.99546	
1188	11.87000	3657.96411	1707.34520	1404.58936	1.30360	-5.17058	18.07174	1.00922	0.94680	0.30818	0.09271	-0.30895	0.95106	-0.00632	-0.09012	-0.02266	0.99567	
1189	11.88000	3658.10918	1720.19428	1405.62323	1.50091	-5.03402	18.24933	0.97980	0.94604	0.31086	0.09151	-0.31194	0.95010	-0.00259	-0.08775	-0.02609	0.99580	
1190	11.89000	3658.44449	1734.57896	1406.83994	1.77021	-5.05124	17.68141	2.53517	0.94906	0.30099	0.09323	-0.30254	0.95313	0.00270	-0.08805	-0.03077	0.99564	
1191	11.90000	3658.37031	1746.39834	1407.84148	2.00235	-4.96711	18.92522	0.52669	0.94239	0.32127	0.09319	-0.32312	0.94635	0.00499	-0.08658	-0.03481	0.99564	
1192	11.91000	3658.32448	1759.01468	1408.71031	2.13490	-4.93417	19.23960	0.52503	0.94065	0.32627	0.09343	-0.32830	0.94455	0.00685	-0.08601	-0.03711	0.99560	
1193	11.92000	3658.18668	1771.62683	1409.49410	2.14140	-4.88663	19.52390	0.53331	0.93908	0.33097	0.09272	-0.33299	0.94291	0.00677	-0.08518	-0.03723	0.99567	
1194	11.93000	3658.02372	1784.29702	1410.18536	2.16109	-4.97413	19.82433	0.50123	0.93719	0.33582	0.09430	-0.33786	0.94118	0.00609	-0.08671	-0.03757	0.99553	
1195	11.94000	3657.78787	1797.59615	1410.90790	2.53331	-4.98616	20.43908	1.00003	0.93350	0.34527	0.09680	-0.34789	0.93747	0.01110	-0.08692	-0.04403	0.99524	
1196	11.95000	3657.50338	1810.31762	1411.62042	2.60000	-4.96632	20.73679	0.89258	0.93171	0.35004	0.09694	-0.35275	0.93564	0.01180	-0.08657	-0.04519	0.99522	
1197	11.96000	3657.13580	1822.70879	1412.30000	2.24098	-5.00688	20.71369	0.55097	0.93179	0.35024	0.09540	-0.35235	0.93585	0.00573	-0.08728	-0.03895	0.99542	
1198	11.97000	3656.75569	1835.62755	1412.92660	2.28689	-4.99736	20.97939	0.53334	0.93016	0.35450	0.09556	-0.35667	0.93421	0.00609	-0.08711	-0.03975	0.99541	
1199	11.98000	3656.38560	1850.20833	1413.47656	2.29629	-5.05685	20.28263	2.40004	0.93434	0.34306	0.09650	-0.34530	0.93847	0.00705	-0.08814	-0.03991	0.99531	
1200	11.99000	3655.78346	1861.17129	1413.59435	2.44609	-4.47053	21.90284	0.73808	0.92499	0.36961	0.08817	-0.37190	0.92821	0.01055	-0.07795	-0.04255	0.99605	
1201	12.00000	3655.21707	1874.22772	1414.02194	2.43556	-4.46158	22.20264	0.80023	0.92305	0.37448	0.08802	-0.37674	0.92627	0.00998	-0.07779	-0.04237	0.99607	
1202	12.01000	3654.63343	1887.18708	1414.29144	2.49664	-4.57955	22.51870	0.75706	0.92081	0.37941	0.09037	-0.38176	0.92421	0.00969	-0.07984	-0.04342	0.99586	
1203	12.02000	3653.92737	1900.24268	1414.47909	2.42634	-4.77623	22.86297	0.67206	0.91824	0.38493	0.09310	-0.38718	0.92198	0.00669	-0.08326	-0.04219	0.99563	
1204	12.03000	3653.23125	1913.35016	1414.54913	2.36908	-4.87338	23.19078	0.67558	0.91588	0.39023	0.09430	-0.39237	0.91980	0.00457	-0.08495	-0.04119	0.99553	
1205	12.04000	3651.90968	1926.49226	1415.25335	3.24137	-4.05462	23.86819	0.90136	0.91219	0.40033	0.08744	-0.40362	0.91463	0.02314	-0.07071	-0.05640	0.99590	
1206	12.05000	3651.00473	1940.18233	1415.72185	2.99613	-3.88155	23.98349	0.78871	0.91157	0.40268	0.08301	-0.40554	0.91385	0.02028	-0.06769	-0.05215	0.99634	
1207	12.06000	3650.15477	1953.35274	1415.73477	2.92595	-3.88353	24.32008	0.78963	0.90917	0.40815	0.08266	-0.41089	0.91149	0.01866	-0.06773	-0.05093	0.99640	
1208	12.07000	3649.16497	1966.56900	1415.74372	3.07873	-3.82817	24.64268	0.82400	0.90690	0.41310	0.08299	-0.41603	0.90911	0.02102	-0.06676	-0.05359	0.99633	
1209	12.08000	3647.97659	1979.92385	1415.66608	3.09308	-3.93116	25.15077	0.84854	0.90306	0.42103	0.08490	-0.42400	0.90545	0.01975	-0.06856	-0.05383	0.99619	
1210	12.09000	3646.74142	1993.09153	1415.29501	2.70465	-4.26333	25.48174	0.84737	0.90022	0.42658	0.08734	-0.42903	0.90323	0.01065	-0.07434	-0.04706	0.99612	
1211	12.10000	3645.37078	2006.15521	1415.11354	2.72540	-4.21585	25.95494	0.88132	0.89671	0.43403	0.08684	-0.43648	0.89965	0.01062	-0.07351	-0.04742	0.99617	
1212	12.11000	3644.05399	2019.74447	1414.83937	3.06019	-4.22672	26.49395	1.10169	0.89255	0.44195	0.08968	-0.44489	0.89546	0.01495	-0.07370	-0.05324	0.99586	
1213	12.12000	3642.42222	2032.29053	1414.29550	2.89516	-4.41739	26.46480	0.82034	0.89255	0.44160	0.09137	-0.44432	0.89580	0.01094	-0.07702	-0.05036	0.99576	
1214	12.13000	3640.65161	2045.53107	1413.74546	2.49234	-4.77266	26.86807	0.81502	0.88896	0.44828	0.09380	-0.45037	0.89284	0.00122	-0.08320	-0.04333	0.99559	
1215	12.14000	3638.99959	2058.40412	1413.35629	2.84237	-4.73827	27.16276	1.01289	0.88667	0.45231	0.09604	-0.45496	0.89049	0.00646	-0.08260	-0.04942	0.99536	
1216	12.15000	3637.16340	2071.57049	1413.15604	2.95854	-4.71858	27.49676	1.00953	0.88403	0.45732	0.09670	-0.46013	0.88781	0.00785	-0.08226	-0.05144	0.99528	
1217	12.16000	3635.23389	2084.74990	1412.64877	2.94734	-4.88129	27.86214	1.03477	0.88087	0.46286	0.09916	-0.46565	0.88495	0.00574	-0.08509	-0.05123	0.99506	
1218	12.17000	3633.19246	2098.54303	1411.90722	3.07819	-5.10216	28.62125	1.32100	0.87433	0.47413	0.10367	-0.47712	0.87883	0.00460	-0.08893	-0.05349	0.99460	
1219	12.18000	3631.26077	2111.13830	1411.42080	2.70162	-5.01534	28.37545	1.00477	0.87648	0.47109	0.09923	-0.47343	0.88083	-0.00003	-0.08742	-0.04695	0.99506	
1220	12.19000	3629.20577	2124.46270	1410.83423	2.57426	-5.21616	28.84760	1.02051	0.87228	0.47842	0.10122	-0.48048	0.87699	-0.00448	-0.09091	-0.04473	0.99485	
1221	12.20000	3626.91276	2138.04363	1410.15429	2.16295	-5.54845	29.11407	0.86071	0.86956	0.48302	0.10277	-0.48427	0.87481	-0.01404	-0.09669	-0.03756	0.99461	
1222	12.21000	3624.14041	2151.11727	1410.25582	2.74976	-6.62478	29.34213	1.01915	0.86589	0.48463	0.12396	-0.48675	0.87342	-0.01465	-0.11537	-0.04765	0.99218	
1223	12.22000	3621.80617	2164.04962	1409.74872	2.68606	-7.45381	29.22837	1.38748	0.86531	0.48245	0.13597	-0.48417	0.87469	-0.02238	-0.12973	-0.04647	0.99046	
1224	12.23000	3619.44734	2177.29839	1409.18518	1.59331	-6.97226	29.71827	1.32876	0.86205	0.49261	0.11917	-0.49207	0.86981	-0.03601	-0.12139	-0.02760	0.99222	
1225	12.24000	3617.03867	2190.58721	1408.59652	1.67521	-7.06030	30.04869	1.28170	0.85904	0.49741	0.12099	-0.49694	0.86703	-0.03622	-0.12291	-0.02901	0.99199	
1226	12.25000	3614.48434	2204.17227	1407.80566	2.08617	-6.87328	30.66112	1.06862	0.85402	0.50587	0.12144	-0.50629	0.86185	-0.02967	-0.11967	-0.03614	0.99216	
1227	12.26000	3611.77884	2217.21504	1407.15082	2.56279	-7.09883	31.24555	1.23009	0.84840	0.51346	0.12874	-0.51473	0.85696	-0.02581	-0.12358	-0.04437	0.99134	
1228	12.27000	3608.87663	2230.40905	1406.56851	2.31680	-7.31657	31.66023	1.32777	0.84425	0.52007	0.12953	-0.52061	0.85318	-0.03238	-0.12735	-0.04010	0.99105	
1229	12.28000	3605.80365	2243.53264	1406.00163	2.40375	-6.59739	32.13605	1.26704	0.84118	0.52738	0.11951	-0.52841	0.84861	-0.02555	-0.11489	-0.04166	0.99250	
1230	12.29000	3602.54213	2256.47049	1405.32009	2.39049	-7.05204	32.55046	1.26834	0.83654	0.53326	0.12584	-0.53397	0.84494	-0.03084	-0.12277	-0.04139	0.99157	
1231	12.30000	3599.43631	2269.75491	1405.41014	0.41336	-7.59586	31.81887	2.42679	0.84226	0.52641	0.11612	-0.52261	0.85020	-0.06356	-0.13218	-0.00715	0.99120	
1232	12.31000	3596.03015	2282.42578	1403.75519	1.13119	-7.70615	33.00948	1.06308	0.83101	0.54245	0.12318	-0.53986	0.83986	-0.05648	-0.13409	-0.01956	0.99078	
1233	12.32000	3592.39360	2295.19200	1403.33855	0.93575	-7.60496	33.52689	1.08541	0.82629	0.55045	0.11933	-0.54747	0.83471	-0.05947	-0.13234	-0.01619	0.99107	
1234	12.33000	3588.89808	2307.48424	1402.15522	0.34141	-6.33024	33.68597	1.06667	0.82702	0.55408	0.09505	-0.55126	0.83244	-0.05619	-0.11026	-0.00592	0.99389	
1235	12.34000	3584.93066	2320.00011	1401.71480	0.26501	-6.66903	34.12775	1.14472	0.82219	0.56059	0.09873	-0.55724	0.82808	-0.06133	-0.11613	-0.00459	0.99322	
1236	12.35000	3580.78097	2332.57452	1401.46711	-0.00263	-6.33289	34.71375	1.15836	0.81699	0.56948	0.09065	-0.56600	0.82200	-0.06285	-0.11030	0.00005	0.99390	
1237	12.36000	3576.57092	2345.04076	1400.75912	0.30581	-6.72434	35.17513	1.06727	0.81177	0.57556	0.09878	-0.57211	0.81774	-0.06309	-0.11709	-0.00530	0.99311	
1238	12.37000	3572.24097	2357.68781	1400.59419	-0.20293	-6.51505	35.79640	0.90069	0.80586	0.58523	0.08996	-0.58113	0.81086	-0.06924	-0.11346	0.00352	0.99354	
1239	12.38000	3567.86150	2369.97410	1400.37667	-0.79141	-6.69227	36.00505	1.06106	0.80345	0.58910	0.08615	-0.58385	0.80794	-0.07967	-0.11654	0.01372	0.99309	
1240	12.39000	3563.36808	2382.50075	1399.39168	0.71187	-5.82367	37.07402	0.83536	0.79374	0.60179	0.08844	-0.59973	0.79856	-0.05125	-0.10147	-0.01236	0.99476	
1241	12.40000	3558.69030	2394.73524	1398.95188	1.04690	-5.75397	37.83838	1.08005	0.78577	0.61189	0.09037	-0.61035	0.79074	-0.04706	-0.10026	-0.01818	0.99480	
1242	12.41000	3553.75656	2406.82414	1398.56231	0.82561	-5.66153	38.21205	0.92429	0.78189	0.61739	0.08642	-0.61556	0.78652	-0.04970	-0.09865	-0.01434	0.99502	
1243	12.42000	3548.96288	2419.04770	1398.29824	0.83326	-5.68691	38.83048	0.99252	0.77517	0.62583	0.08630	-0.62393	0.77983	-0.05080	-0.09909	-0.01447	0.99497	
1244	12.43000	3543.81435	2431.25594	1397.82236	0.78889	-5.65584	39.31528	0.92250	0.76990	0.63248	0.08496	-0.63050	0.77446	-0.05178	-0.09855	-0.01370	0.99504	
1245	12.44000	3538.95571	2443.36425	1397.64211	0.74070	-5.70470	39.85098	0.99013	0.76391	0.63975	0.08459	-0.63762	0.76847	-0.05377	-0.09940	-0.01286	0.99496	
1246	12.45000	3533.65379	2455.53574	1396.83610	0.93331	-5.87990	40.68152	0.62983	0.75435	0.65050	0.08830	-0.64842	0.75933	-0.05442	-0.10244	-0.01620	0.99461	
1247	12.46000	3528.44439	2467.68345	1396.62873	0.84768	-5.97914	41.29125	0.66126	0.74728	0.65866	0.08802	-0.65630	0.75230	-0.05761	-0.10417	-0.01471	0.99445	
1248	12.47000	3522.75194	2479.46303	1395.76416	1.28633	-5.92312	41.58553	0.54148	0.74397	0.66184	0.09207	-0.66019	0.74931	-0.05169	-0.10319	-0.02233	0.99441	
1249	12.48000	3517.29948	2491.39947	1395.48057	1.17058	-5.72601	42.22050	0.46333	0.73687	0.67034	0.08760	-0.66863	0.74178	-0.05190	-0.09977	-0.02033	0.99480	
1250	12.49000	3511.56665	2503.22685	1395.08376	1.17219	-5.82091	42.73550	0.51075	0.73071	0.67695	0.08836	-0.67512	0.73575	-0.05378	-0.10142	-0.02035	0.99464	
1251	12.50000	3505.80384	2514.98239	1394.78642	1.05210	-5.73577	43.29582	0.50222	0.72418	0.68431	0.08532	-0.68233	0.72896	-0.05516	-0.09994	-0.01827	0.99483	
1252	12.51000	3499.75903	2526.59792	1394.39695	1.06783	-5.66625	43.79162	0.53624	0.71833	0.69059	0.08416	-0.68866	0.72301	-0.05486	-0.09873	-0.01854	0.99494	
1253	12.52000	3493.73546	2538.08590	1394.18557	1.02203	-5.72353	44.30305	0.53861	0.71209	0.69707	0.08382	-0.69497	0.71678	-0.05688	-0.09973	-0.01775	0.99486	
1254	12.53000	3487.44371	2549.47400	1393.86335	1.02012	-5.60748	44.76586	0.55971	0.70659	0.70286	0.08190	-0.70084	0.71110	-0.05616	-0.09771	-0.01772	0.99506	
1255	12.54000	3481.05395	2560.73130	1393.33546	0.93374	-5.36322	45.17849	0.54674	0.70181	0.70814	0.07744	-0.70620	0.70589	-0.05480	-0.09347	-0.01622	0.99549	
1256	12.55000	3474.61853	2571.89541	1393.04089	0.87900	-5.48216	45.72338	0.61587	0.69493	0.71487	0.07767	-0.71270	0.69909	-0.05768	-0.09554	-0.01527	0.99531	
1257	12.56000	3467.89190	2582.98000	1392.60576	0.95993	-5.35273	46.09852	0.61910	0.69040	0.71935	0.07675	-0.71739	0.69445	-0.05559	-0.09329	-0.01668	0.99550	
1258	12.57000	3461.14948	2593.92900	1392.27704	0.90657	-5.42546	46.63013	0.67961	0.68363	0.72582	0.07642	-0.72368	0.68771	-0.05786	-0.09455	-0.01575	0.99540	
1259	12.58000	3454.27504	2604.84728	1391.88088	0.88192	-5.46749	47.12849	0.71232	0.67726	0.73180	0.07610	-0.72955	0.68135	-0.05935	-0.09528	-0.01532	0.99533	
1260	12.59000	3447.33900	2615.66381	1391.47348	0.98327	-5.49595	47.57943	0.73499	0.67147	0.73700	0.07727	-0.73482	0.67568	-0.05912	-0.09578	-0.01708	0.99526	
1261	12.60000	3440.24484	2626.41269	1391.06311	0.95576	-5.57195	48.10567	0.77240	0.66460	0.74319	0.07724	-0.74086	0.66887	-0.06113	-0.09710	-0.01660	0.99514	
1262	12.61000	3433.25730	2637.06682	1390.66247	0.98402	-5.58690	48.63041	0.67671	0.65777	0.74925	0.07722	-0.74690	0.66207	-0.06170	-0.09736	-0.01709	0.99510	
1263	12.62000	3426.02102	2647.71535	1390.17255	1.07104	-5.64233	49.20748	0.64391	0.65016	0.75575	0.07837	-0.75341	0.65460	-0.06221	-0.09832	-0.01860	0.99498	
1264	12.63000	3418.57571	2658.42581	1389.59488	1.22025	-5.52587	49.80879	0.75406	0.64234	0.76240	0.07840	-0.76035	0.64676	-0.05980	-0.09630	-0.02120	0.99513	
1265	12.64000	3411.23481	2669.06704	1389.26198	1.16975	-5.59330	50.43099	0.88276	0.63397	0.76943	0.07781	-0.76719	0.63841	-0.06211	-0.09747	-0.02032	0.99503	
1266	12.65000	3404.48380	2679.25597	1389.06885	0.70616	-5.89429	51.07575	0.51247	0.62497	0.77712	0.07410	-0.77386	0.62923	-0.07214	-0.10269	-0.01226	0.99464	
1267	12.66000	3396.83893	2689.76398	1388.51935	0.76747	-5.86941	51.65734	0.53700	0.61711	0.78339	0.07394	-0.78020	0.62138	-0.07189	-0.10226	-0.01332	0.99467	
1268	12.67000	3389.56432	2700.05473	1388.11423	1.82923	-6.18226	52.22006	0.77368	0.60907	0.78786	0.09117	-0.78577	0.61504	-0.06552	-0.10769	-0.03174	0.99368	
1269	12.68000	3381.80794	2710.39176	1387.52179	1.94658	-6.12491	52.78930	0.84887	0.60130	0.79377	0.09154	-0.79187	0.60729	-0.06438	-0.10670	-0.03377	0.99372	
1270	12.69000	3374.00123	2720.60668	1386.91443	1.95592	-6.09584	53.38894	0.86284	0.59301	0.80007	0.09069	-0.79816	0.59894	-0.06484	-0.10619	-0.03394	0.99377	
1271	12.70000	3365.93784	2730.74718	1386.25963	1.98204	-5.98363	53.94817	0.90250	0.58531	0.80588	0.08928	-0.80408	0.59108	-0.06387	-0.10424	-0.03440	0.99396	
1272	12.71000	3357.68728	2740.69825	1385.99461	2.51751	-5.84368	54.21959	1.03818	0.58164	0.80787	0.09511	-0.80705	0.58774	-0.05684	-0.10181	-0.04370	0.99384	
1273	12.72000	3349.28315	2750.75153	1385.43287	2.51915	-5.97712	54.51413	1.05669	0.57735	0.81081	0.09618	-0.80983	0.58367	-0.05919	-0.10413	-0.04371	0.99360	
1274	12.73000	3340.91219	2760.80911	1384.65457	2.77640	-6.13041	54.96275	0.96509	0.57083	0.81485	0.10090	-0.81410	0.57767	-0.05953	-0.10679	-0.04816	0.99311	
1275	12.74000	3332.47437	2770.53704	1383.92302	2.83484	-6.45883	55.49829	0.92152	0.56284	0.81995	0.10440	-0.81888	0.57032	-0.06458	-0.11249	-0.04914	0.99244	
1276	12.75000	3323.80215	2780.18563	1383.28537	2.77889	-6.50088	55.97266	0.88928	0.55599	0.82472	0.10346	-0.82344	0.56348	-0.06659	-0.11322	-0.04817	0.99240	
1277	12.76000	3315.04781	2789.55436	1382.60062	2.52230	-6.76234	56.20284	0.96909	0.55238	0.82732	0.10201	-0.82523	0.56002	-0.07328	-0.11775	-0.04370	0.99208	
1278	12.77000	3306.09521	2799.08159	1381.83257	2.44439	-7.00912	56.72651	0.93380	0.54454	0.83245	0.10255	-0.82981	0.55249	-0.07853	-0.12203	-0.04233	0.99162	
1279	12.78000	3297.04155	2808.66339	1381.11761	2.46117	-7.06601	57.28756	0.84522	0.53632	0.83776	0.10255	-0.83500	0.54437	-0.08020	-0.12301	-0.04262	0.99149	
1280	12.79000	3287.82555	2817.97729	1380.43524	2.30102	-7.18400	57.80676	0.78083	0.52859	0.84290	0.10055	-0.83961	0.53660	-0.08435	-0.12506	-0.03983	0.99135	
1281	12.80000	3278.37463	2827.40357	1379.43038	1.22553	-7.00142	58.05436	0.67165	0.52517	0.84698	0.08263	-0.84222	0.53121	-0.09209	-0.12189	-0.02123	0.99232	
1282	12.81000	3269.10177	2836.42348	1378.65522	1.51497	-7.21877	58.64075	0.59153	0.51628	0.85189	0.08795	-0.84715	0.52306	-0.09351	-0.12566	-0.02623	0.99173	
1283	12.82000	3259.44556	2845.51219	1378.00029	1.59979	-7.43196	58.90180	0.49603	0.51217	0.85408	0.09069	-0.84909	0.51940	-0.09630	-0.12935	-0.02768	0.99121	
1284	12.83000	3249.75639	2854.66855	1377.35492	1.55732	-7.38931	59.34971	0.52102	0.50556	0.85820	0.08892	-0.85315	0.51262	-0.09675	-0.12861	-0.02695	0.99133	
1285	12.84000	3240.67234	2863.52062	1376.41087	1.62033	-7.87617	60.65376	0.80354	0.48546	0.86943	0.09178	-0.86345	0.49327	-0.10554	-0.13703	-0.02801	0.99017	
1286	12.85000	3230.27779	2872.82161	1375.54667	1.85523	-8.09719	60.28768	0.49357	0.49070	0.86581	0.09789	-0.85987	0.49935	-0.10622	-0.14085	-0.03205	0.98951	
1287	12.86000	3220.03658	2881.83164	1375.18290	1.00575	-7.55978	60.49007	0.92422	0.48829	0.86900	0.08007	-0.86271	0.49451	-0.10583	-0.13156	-0.01740	0.99116	
1288	12.87000	3209.94063	2890.30909	1374.47090	0.79160	-7.46028	60.82619	0.91358	0.48333	0.87219	0.07535	-0.86575	0.48898	-0.10662	-0.12984	-0.01370	0.99144	
1289	12.88000	3199.92951	2899.13399	1373.89438	0.83229	-7.46430	61.08563	0.98700	0.47940	0.87434	0.07552	-0.86793	0.48510	-0.10668	-0.12991	-0.01440	0.99142	
1290	12.89000	3190.01981	2907.82465	1373.39726	0.57365	-7.31282	61.38162	1.04608	0.47508	0.87717	0.06975	-0.87069	0.48007	-0.10693	-0.12729	-0.00993	0.99182	
1291	12.90000	3180.91891	2916.55896	1372.13152	2.17155	-8.29424	62.26928	0.42999	0.46045	0.88197	0.10062	-0.87589	0.46982	-0.10996	-0.14426	-0.03750	0.98883	
1292	12.91000	3170.70262	2925.31103	1371.37180	2.33331	-8.41200	62.69198	0.53440	0.45384	0.88508	0.10323	-0.87899	0.46369	-0.11120	-0.14629	-0.04027	0.98842	
1293	12.92000	3160.15594	2933.76990	1371.75529	0.65005	-7.14452	62.43113	1.13963	0.45922	0.88575	0.06761	-0.87957	0.46404	-0.10499	-0.12437	-0.01126	0.99217	
1294	12.93000	3150.11780	2942.58276	1370.13102	2.34757	-8.36506	63.72077	0.62843	0.43804	0.89326	0.10108	-0.88711	0.44772	-0.11220	-0.14548	-0.04053	0.98853	
1295	12.94000	3138.96877	2951.19160	1370.32811	0.88658	-7.19479	63.67269	1.07471	0.44001	0.89531	0.06941	-0.88922	0.44518	-0.10538	-0.12524	-0.01535	0.99201	
1296	12.95000	3127.68189	2959.73973	1370.60372	1.38111	-5.62216	64.75077	1.26692	0.42450	0.90319	0.06358	-0.90011	0.42857	-0.07830	-0.09797	-0.02399	0.99490	
1297	12.96000	3117.53789	2968.19463	1369.58567	2.20590	-6.29125	65.72990	1.35065	0.40856	0.90921	0.08010	-0.90613	0.41458	-0.08400	-0.10958	-0.03826	0.99324	
1298	12.97000	3107.47804	2976.71910	1368.43558	2.28981	-6.70557	65.66562	1.68376	0.40924	0.90851	0.08448	-0.90492	0.41598	-0.08984	-0.11677	-0.03968	0.99237	
1299	12.98000	3097.08080	2985.15384	1367.72840	2.12384	-6.77166	65.96893	1.56224	0.40439	0.91092	0.08183	-0.90695	0.41094	-0.09253	-0.11791	-0.03680	0.99234	
1300	12.99000	3086.39410	2993.14662	1367.24531	2.03861	-6.88651	66.81051	1.52631	0.39093	0.91695	0.07988	-0.91258	0.39744	-0.09614	-0.11990	-0.03532	0.99216	
1301	13.00000	3075.76673	3001.15502	1366.83986	1.86772	-6.77314	67.18443	1.40814	0.38506	0.91978	0.07575	-0.91532	0.39110	-0.09601	-0.11794	-0.03236	0.99249	
1302	13.01000	3065.06347	3009.33415	1366.70837	2.03476	-6.85538	67.76338	1.22926	0.37573	0.92344	0.07801	-0.91901	0.38212	-0.09698	-0.11936	-0.03525	0.99222	
1303	13.02000	3053.21841	3017.68840	1367.71359	1.33991	-6.21636	67.61259	1.08849	0.37863	0.92341	0.06285	-0.91919	0.38310	-0.09119	-0.10828	-0.02325	0.99385	
1304	13.03000	3042.27251	3025.51857	1367.54459	1.48847	-6.10730	68.15786	1.08746	0.36994	0.92687	0.06368	-0.92294	0.37449	-0.08906	-0.10639	-0.02583	0.99399	
1305	13.04000	3030.46468	3032.81150	1367.56832	1.75315	-5.42206	69.97198	1.45482	0.34095	0.93810	0.06109	-0.93532	0.34504	-0.07826	-0.09449	-0.03046	0.99506	
1306	13.05000	3019.38177	3040.70102	1367.22941	1.64137	-5.93160	70.48103	1.58200	0.33233	0.94116	0.06151	-0.93748	0.33677	-0.08779	-0.10334	-0.02849	0.99424	
1307	13.06000	3008.47380	3048.36007	1367.21478	1.68268	-5.73776	70.81789	1.66541	0.32693	0.94311	0.06057	-0.93975	0.33120	-0.08474	-0.09998	-0.02922	0.99456	
1308	13.07000	2997.20370	3056.27970	1366.83472	1.99525	-5.84697	71.62222	1.67272	0.31364	0.94730	0.06514	-0.94406	0.31846	-0.08564	-0.10187	-0.03464	0.99419	
1309	13.08000	2986.27192	3063.21082	1366.42216	1.85229	-5.70069	71.51933	1.10036	0.31542	0.94692	0.06213	-0.94374	0.31986	-0.08391	-0.09933	-0.03216	0.99453	
1310	13.09000	2975.14836	3070.71227	1366.05575	2.20531	-5.66002	71.62552	1.09132	0.31369	0.94712	0.06758	-0.94439	0.31859	-0.08140	-0.09863	-0.03829	0.99439	
1311	13.10000	2964.73298	3078.32199	1366.25832	2.71289	-4.99016	72.95218	1.04226	0.29206	0.95378	0.07072	-0.95244	0.29678	-0.06919	-0.08698	-0.04715	0.99509	
1312	13.11000	2953.38427	3085.83631	1365.98367	2.67242	-4.81622	73.34542	0.98341	0.28559	0.95589	0.06871	-0.95467	0.29004	-0.06699	-0.08396	-0.04646	0.99539	
1313	13.12000	2941.47880	3093.43018	1365.42406	2.44642	-5.70288	73.33006	0.85749	0.28544	0.95588	0.06937	-0.95323	0.29066	-0.08286	-0.09937	-0.04247	0.99414	
1314	13.13000	2929.83304	3100.71137	1365.36698	2.71903	-5.64392	73.91643	0.84472	0.27570	0.95848	0.07280	-0.95620	0.28121	-0.08125	-0.09835	-0.04721	0.99403	
1315	13.14000	2918.00591	3108.17342	1365.36028	3.28027	-5.73436	74.54380	1.02177	0.26517	0.96073	0.08174	-0.95901	0.27158	-0.08090	-0.09992	-0.05693	0.99337	
1316	13.15000	2906.39286	3115.39601	1365.36677	3.55012	-5.63704	75.19278	1.13517	0.25433	0.96338	0.08492	-0.96212	0.26096	-0.07896	-0.09823	-0.06162	0.99325	
1317	13.16000	2895.05964	3122.92016	1365.29592	3.75296	-5.55124	76.23840	0.88159	0.23677	0.96770	0.08654	-0.96674	0.24352	-0.07819	-0.09674	-0.06515	0.99318	
1318	13.17000	2883.49735	3130.20192	1364.71284	3.01770	-5.40035	76.33829	0.83271	0.23514	0.96919	0.07335	-0.96739	0.24068	-0.07889	-0.09411	-0.05241	0.99418	
1319	13.18000	2871.82934	3137.40154	1364.44413	2.94969	-5.26698	76.66707	0.86164	0.22964	0.97067	0.07121	-0.96894	0.23490	-0.07734	-0.09180	-0.05124	0.99446	
1320	13.19000	2860.17887	3144.42116	1364.14344	2.77382	-5.16862	77.09231	0.93085	0.22247	0.97262	0.06727	-0.97077	0.22737	-0.07690	-0.09009	-0.04820	0.99477	
1321	13.20000	2848.44517	3151.51432	1363.85264	2.72508	-5.11881	77.53489	1.00921	0.21498	0.97441	0.06566	-0.97253	0.21974	-0.07676	-0.08922	-0.04735	0.99489	
1322	13.21000	2836.63864	3158.74422	1363.67157	2.61651	-5.24070	78.30640	0.89613	0.20183	0.97738	0.06320	-0.97515	0.20655	-0.08010	-0.09134	-0.04546	0.99478	
1323	13.22000	2824.84501	3165.73581	1363.31822	2.61918	-5.05831	78.70469	0.87215	0.19510	0.97882	0.06206	-0.97681	0.19961	-0.07742	-0.08817	-0.04552	0.99506	
1324	13.23000	2812.95429	3172.72789	1362.93193	2.72357	-4.92049	79.32085	0.90017	0.18463	0.98081	0.06257	-0.97906	0.18910	-0.07539	-0.08577	-0.04734	0.99519	
1325	13.24000	2801.01205	3179.66728	1362.42487	2.75346	-4.78421	80.17014	0.84726	0.17013	0.98350	0.06156	-0.98189	0.17447	-0.07388	-0.08340	-0.04787	0.99537	
1326	13.25000	2789.06457	3186.54047	1361.96984	2.85365	-4.62095	80.84901	0.80268	0.15852	0.98541	0.06195	-0.98406	0.16280	-0.07152	-0.08056	-0.04962	0.99551	
1327	13.26000	2777.47440	3193.10350	1361.63860	2.77653	-4.58136	81.37276	0.78984	0.14953	0.98694	0.05986	-0.98553	0.15365	-0.07161	-0.07987	-0.04829	0.99563	
1328	13.27000	2765.22923	3199.74116	1361.00615	2.77376	-4.64835	81.97424	0.95891	0.13916	0.98850	0.05922	-0.98695	0.14334	-0.07340	-0.08104	-0.04823	0.99554	
1329	13.28000	2753.11828	3206.25867	1360.46719	2.78931	-4.49425	82.47570	0.86495	0.13054	0.98972	0.05849	-0.98834	0.13457	-0.07122	-0.07836	-0.04851	0.99574	
1330	13.29000	2740.82776	3212.70914	1359.83550	2.84224	-4.46333	83.01612	0.89849	0.12122	0.99089	0.05867	-0.98957	0.12527	-0.07112	-0.07782	-0.04944	0.99574	
1331	13.30000	2728.49684	3219.05976	1359.18724	2.87215	-4.40929	83.46427	0.91227	0.11349	0.99181	0.05852	-0.99056	0.11751	-0.07058	-0.07688	-0.04996	0.99579	
