NO_OF_FRAMES	1863
NO_OF_CAMERAS	8
NO_OF_BODIES	1
FREQUENCY	100
NO_OF_ANALOG	0
ANALOG_FREQUENCY	0
DESCRIPTION	--
TIME_STAMP	2022-08-12, 11:28:35.207	1213728.58984590
DATA_INCLUDED	6D
BODY_NAMES	Drone
BODY_FILTERS	No filter
TRANSLATION_ORIGIN	Global	
ROTATION_ORIGIN	Global	
Frame	Time	Drone X	Y	Z	Roll	Pitch	Yaw	Residual	Rot[0]	Rot[1]	Rot[2]	Rot[3]	Rot[4]	Rot[5]	Rot[6]	Rot[7]	Rot[8]	
3570	35.69000	-229.64240	-678.36584	990.31970	0.79070	0.80868	-8.57562	0.62540	0.98872	-0.14891	-0.01601	0.14910	0.98875	0.01154	0.01411	-0.01380	0.99981	
3571	35.70000	-229.48356	-678.09058	990.34166	0.83036	0.80659	-8.59815	0.65176	0.98866	-0.14929	-0.01608	0.14949	0.98869	0.01222	0.01408	-0.01449	0.99980	
3572	35.71000	-229.31203	-677.79084	990.28520	0.77144	0.84355	-8.62270	0.65654	0.98859	-0.14972	-0.01657	0.14991	0.98864	0.01110	0.01472	-0.01346	0.99980	
3573	35.72000	-229.13114	-677.51098	990.28204	0.74393	0.83685	-8.60877	0.64993	0.98863	-0.14949	-0.01638	0.14967	0.98868	0.01065	0.01461	-0.01298	0.99981	
3574	35.73000	-228.98516	-677.36226	990.30233	0.96397	0.92777	-8.53465	0.64331	0.98880	-0.14812	-0.01851	0.14839	0.98883	0.01423	0.01619	-0.01682	0.99973	
3575	35.74000	-228.80943	-677.18782	990.33550	1.01106	0.82086	-8.54737	0.66274	0.98879	-0.14835	-0.01679	0.14861	0.98878	0.01532	0.01433	-0.01764	0.99974	
3576	35.75000	-228.65192	-676.89760	990.33159	0.88774	0.75941	-8.50625	0.60771	0.98891	-0.14770	-0.01540	0.14790	0.98891	0.01336	0.01325	-0.01549	0.99979	
3577	35.76000	-228.44390	-676.67196	990.21544	0.83167	0.81488	-8.52244	0.62756	0.98886	-0.14798	-0.01621	0.14818	0.98888	0.01225	0.01422	-0.01451	0.99979	
3578	35.77000	-228.26193	-676.54798	990.29909	1.04835	0.75773	-8.51482	0.60118	0.98889	-0.14780	-0.01579	0.14805	0.98885	0.01614	0.01322	-0.01829	0.99975	
3579	35.78000	-228.24170	-676.44931	990.32807	1.05969	0.89219	-8.50978	0.63930	0.98887	-0.14767	-0.01813	0.14796	0.98886	0.01599	0.01557	-0.01849	0.99971	
3580	35.79000	-228.05697	-676.33316	990.29860	1.07927	0.88980	-8.58809	0.72736	0.98867	-0.14901	-0.01817	0.14931	0.98866	0.01631	0.01553	-0.01883	0.99970	
3581	35.80000	-227.85213	-676.09544	990.29831	0.85341	0.84662	-8.59548	0.66758	0.98866	-0.14922	-0.01683	0.14944	0.98869	0.01252	0.01478	-0.01489	0.99978	
3582	35.81000	-227.50700	-676.03369	990.31503	0.99713	0.58786	-8.46142	0.63722	0.98906	-0.14694	-0.01271	0.14714	0.98899	0.01570	0.01026	-0.01740	0.99980	
3583	35.82000	-227.37933	-675.91247	990.24562	1.11429	0.59091	-8.42229	0.61138	0.98916	-0.14624	-0.01305	0.14646	0.98906	0.01773	0.01031	-0.01945	0.99976	
3584	35.83000	-227.17340	-675.87319	990.14951	1.12469	0.59425	-8.40559	0.62090	0.98920	-0.14595	-0.01313	0.14617	0.98910	0.01790	0.01037	-0.01963	0.99975	
3585	35.84000	-226.91114	-675.79376	990.23110	1.14089	0.56847	-8.50049	0.66085	0.98897	-0.14759	-0.01275	0.14781	0.98885	0.01823	0.00992	-0.01991	0.99975	
3586	35.85000	-226.61601	-675.60066	990.23975	0.93459	0.53804	-8.47777	0.61206	0.98903	-0.14725	-0.01169	0.14742	0.98896	0.01475	0.00939	-0.01631	0.99982	
3587	35.86000	-226.43564	-675.49814	990.19341	0.93015	0.45778	-8.44381	0.62340	0.98913	-0.14669	-0.01029	0.14683	0.98905	0.01488	0.00799	-0.01623	0.99984	
3588	35.87000	-226.22937	-675.53050	990.13466	1.05075	0.38449	-8.40353	0.61843	0.98924	-0.14600	-0.00932	0.14614	0.98911	0.01716	0.00671	-0.01834	0.99981	
3589	35.88000	-225.96255	-675.52566	990.13261	1.14140	0.44423	-8.37173	0.63358	0.98931	-0.14541	-0.01057	0.14559	0.98917	0.01858	0.00775	-0.01992	0.99977	
3590	35.89000	-225.70065	-675.53394	990.12900	1.12221	0.57734	-8.44317	0.60747	0.98911	-0.14660	-0.01284	0.14682	0.98900	0.01789	0.01008	-0.01958	0.99976	
3591	35.90000	-225.41194	-675.45705	990.19561	1.03275	0.44609	-8.41867	0.64171	0.98919	-0.14624	-0.01034	0.14640	0.98908	0.01669	0.00779	-0.01802	0.99981	
3592	35.91000	-225.12754	-675.49651	990.13321	1.00598	0.43314	-8.37921	0.56508	0.98930	-0.14557	-0.01004	0.14572	0.98919	0.01627	0.00756	-0.01756	0.99982	
3593	35.92000	-224.91906	-675.52531	990.07321	0.96556	0.40854	-8.38118	0.61001	0.98930	-0.14562	-0.00951	0.14575	0.98920	0.01563	0.00713	-0.01685	0.99983	
3594	35.93000	-224.63339	-675.57066	990.08932	1.06404	0.29166	-8.38945	0.61100	0.98929	-0.14578	-0.00774	0.14590	0.98914	0.01763	0.00509	-0.01857	0.99981	
3595	35.94000	-224.31125	-675.59016	990.14276	1.03449	0.46377	-8.37127	0.58716	0.98931	-0.14542	-0.01064	0.14558	0.98921	0.01668	0.00809	-0.01805	0.99980	
3596	35.95000	-224.09302	-675.61160	990.04811	1.06116	0.34419	-8.38599	0.60991	0.98929	-0.14571	-0.00864	0.14584	0.98915	0.01745	0.00601	-0.01852	0.99981	
3597	35.96000	-223.83913	-675.80094	990.10824	1.14186	0.19125	-8.38095	0.63802	0.98932	-0.14566	-0.00621	0.14575	0.98913	0.01923	0.00334	-0.01993	0.99980	
3598	35.97000	-223.58122	-675.86416	990.15325	1.16419	0.27236	-8.37006	0.64584	0.98934	-0.14544	-0.00766	0.14556	0.98916	0.01941	0.00475	-0.02032	0.99978	
3599	35.98000	-223.26332	-676.01305	990.14559	1.07980	0.30218	-8.39600	0.62994	0.98927	-0.14589	-0.00797	0.14601	0.98912	0.01787	0.00527	-0.01884	0.99981	
3600	35.99000	-222.96749	-676.04854	990.10277	0.88957	0.19618	-8.40916	0.59503	0.98924	-0.14617	-0.00566	0.14624	0.98914	0.01486	0.00342	-0.01553	0.99987	
3601	36.00000	-222.74674	-676.17216	990.12701	0.95615	0.18609	-8.34470	0.61733	0.98941	-0.14505	-0.00563	0.14513	0.98928	0.01604	0.00325	-0.01669	0.99986	
3602	36.01000	-222.48274	-676.34357	990.15985	1.17029	0.18816	-8.30285	0.63544	0.98951	-0.14431	-0.00620	0.14440	0.98932	0.01974	0.00328	-0.02042	0.99979	
3603	36.02000	-222.21829	-676.47892	990.20103	1.14301	0.14898	-8.36435	0.63743	0.98936	-0.14539	-0.00547	0.14547	0.98917	0.01936	0.00260	-0.01995	0.99980	
3604	36.03000	-221.89669	-676.62023	990.17367	0.89137	0.13011	-8.32884	0.60180	0.98945	-0.14480	-0.00450	0.14485	0.98934	0.01506	0.00227	-0.01556	0.99988	
3605	36.04000	-221.62925	-676.63984	990.11785	0.82039	0.03881	-8.27020	0.62347	0.98960	-0.14382	-0.00273	0.14384	0.98950	0.01407	0.00068	-0.01432	0.99990	
3606	36.05000	-221.40598	-676.80810	990.13146	0.91396	0.11375	-8.26680	0.58353	0.98961	-0.14373	-0.00426	0.14378	0.98949	0.01550	0.00199	-0.01595	0.99987	
3607	36.06000	-221.16412	-677.03358	990.18663	0.94592	0.09861	-8.27458	0.62941	0.98959	-0.14387	-0.00408	0.14392	0.98946	0.01609	0.00172	-0.01651	0.99986	
3608	36.07000	-220.86886	-677.22847	990.24039	0.87957	-0.03492	-8.27184	0.66143	0.98960	-0.14386	-0.00161	0.14387	0.98948	0.01528	-0.00061	-0.01535	0.99988	
3609	36.08000	-220.62450	-677.33683	990.31056	0.70721	-0.04908	-8.29243	0.62235	0.98954	-0.14422	-0.00093	0.14423	0.98947	0.01234	-0.00086	-0.01234	0.99992	
3610	36.09000	-220.33212	-677.50443	990.17953	0.68238	0.08270	-8.20703	0.61220	0.98976	-0.14272	-0.00313	0.14275	0.98969	0.01158	0.00144	-0.01191	0.99993	
3611	36.10000	-220.13042	-677.73651	990.13891	0.71857	-0.01230	-8.18752	0.59061	0.98981	-0.14240	-0.00157	0.14241	0.98973	0.01244	-0.00021	-0.01254	0.99992	
3612	36.11000	-219.92894	-677.97001	990.11876	0.73569	0.00480	-8.21053	0.59042	0.98975	-0.14280	-0.00192	0.14281	0.98967	0.01270	0.00008	-0.01284	0.99992	
3613	36.12000	-219.66066	-678.19140	990.15838	0.68251	-0.06160	-8.24996	0.62156	0.98965	-0.14349	-0.00065	0.14349	0.98958	0.01194	-0.00108	-0.01191	0.99993	
3614	36.13000	-219.44713	-678.35840	990.08924	0.38306	-0.08363	-8.25826	0.58613	0.98963	-0.14364	0.00048	0.14364	0.98961	0.00683	-0.00146	-0.00669	0.99998	
3615	36.14000	-219.19387	-678.64340	989.99113	0.43106	-0.08927	-8.30377	0.56685	0.98952	-0.14443	0.00046	0.14442	0.98949	0.00767	-0.00156	-0.00752	0.99997	
3616	36.15000	-218.94912	-678.97543	989.99832	0.63957	-0.15925	-8.26352	0.60665	0.98961	-0.14375	0.00115	0.14373	0.98955	0.01145	-0.00278	-0.01116	0.99993	
3617	36.16000	-218.75555	-679.31135	989.97774	0.60134	-0.12225	-8.22666	0.62999	0.98971	-0.14310	0.00061	0.14309	0.98965	0.01069	-0.00213	-0.01050	0.99994	
3618	36.17000	-218.51801	-679.61569	989.92397	0.46908	-0.10194	-8.26850	0.62804	0.98960	-0.14382	0.00058	0.14381	0.98957	0.00836	-0.00178	-0.00819	0.99996	
3619	36.18000	-218.29596	-679.81922	989.87050	0.28771	-0.24312	-8.28202	0.60319	0.98956	-0.14406	0.00348	0.14404	0.98956	0.00558	-0.00424	-0.00502	0.99998	
3620	36.19000	-218.11483	-680.11362	989.84403	0.29814	-0.18334	-8.22277	0.61723	0.98971	-0.14304	0.00242	0.14302	0.98970	0.00561	-0.00320	-0.00520	0.99998	
3621	36.20000	-217.94369	-680.57125	989.85314	0.46077	-0.21966	-8.24767	0.59976	0.98965	-0.14348	0.00264	0.14345	0.98962	0.00851	-0.00383	-0.00804	0.99996	
3622	36.21000	-217.74534	-680.92614	989.83017	0.45352	-0.21167	-8.25397	0.58894	0.98963	-0.14359	0.00252	0.14356	0.98961	0.00836	-0.00369	-0.00792	0.99996	
3623	36.22000	-217.55781	-681.20226	989.75696	0.15060	-0.23495	-8.17083	0.65227	0.98984	-0.14214	0.00369	0.14212	0.98984	0.00318	-0.00410	-0.00263	0.99999	
3624	36.23000	-217.37233	-681.51236	989.62125	0.06245	-0.22679	-8.18902	0.62572	0.98980	-0.14244	0.00376	0.14244	0.98980	0.00164	-0.00396	-0.00109	0.99999	
3625	36.24000	-217.20391	-681.95816	989.55649	0.09298	-0.25487	-8.23663	0.60664	0.98968	-0.14327	0.00417	0.14326	0.98968	0.00224	-0.00445	-0.00162	0.99999	
3626	36.25000	-217.06319	-682.31814	989.62582	0.31098	-0.27235	-8.19420	0.64922	0.98978	-0.14255	0.00393	0.14253	0.98977	0.00605	-0.00475	-0.00543	0.99997	
3627	36.26000	-216.88118	-682.69399	989.58000	0.33195	-0.31009	-8.22732	0.66287	0.98969	-0.14313	0.00453	0.14310	0.98969	0.00651	-0.00541	-0.00579	0.99997	
3628	36.27000	-216.71642	-683.05629	989.54718	0.18320	-0.24563	-8.17883	0.63264	0.98982	-0.14228	0.00379	0.14226	0.98982	0.00377	-0.00429	-0.00320	0.99999	
3629	36.28000	-216.56829	-683.40073	989.38631	0.11550	-0.31934	-8.20588	0.65638	0.98975	-0.14274	0.00523	0.14273	0.98976	0.00279	-0.00557	-0.00202	0.99998	
3630	36.29000	-216.45952	-683.79552	989.29967	0.06479	-0.42293	-8.18488	0.64846	0.98979	-0.14238	0.00715	0.14236	0.98981	0.00217	-0.00738	-0.00113	0.99997	
3631	36.30000	-216.35359	-684.19317	989.32135	0.12222	-0.37428	-8.20009	0.65833	0.98975	-0.14264	0.00616	0.14263	0.98977	0.00304	-0.00653	-0.00213	0.99998	
3632	36.31000	-216.20182	-684.60080	989.26446	0.16766	-0.34652	-8.16055	0.68044	0.98986	-0.14196	0.00557	0.14194	0.98987	0.00376	-0.00605	-0.00293	0.99998	
3633	36.32000	-216.13571	-684.97444	989.20141	0.08472	-0.38768	-8.13030	0.62868	0.98993	-0.14143	0.00649	0.14142	0.98995	0.00242	-0.00677	-0.00148	0.99998	
3634	36.33000	-216.04380	-685.34879	989.14513	0.09719	-0.39488	-8.17508	0.65291	0.98981	-0.14221	0.00658	0.14220	0.98984	0.00266	-0.00689	-0.00170	0.99997	
3635	36.34000	-215.92919	-685.82347	989.10056	0.20184	-0.42655	-8.16035	0.69176	0.98985	-0.14197	0.00687	0.14194	0.98986	0.00454	-0.00744	-0.00352	0.99997	
3636	36.35000	-215.85619	-686.16215	989.02198	0.19661	-0.45389	-8.11362	0.67013	0.98996	-0.14116	0.00736	0.14113	0.98998	0.00452	-0.00792	-0.00343	0.99996	
3637	36.36000	-215.75610	-686.49235	988.99362	0.13312	-0.44311	-8.18900	0.69156	0.98977	-0.14246	0.00732	0.14243	0.98980	0.00340	-0.00773	-0.00232	0.99997	
3638	36.37000	-215.66094	-686.80237	988.93084	0.01542	-0.49525	-8.07890	0.65605	0.99004	-0.14054	0.00852	0.14053	0.99008	0.00148	-0.00864	-0.00027	0.99996	
3639	36.38000	-215.63254	-687.20722	988.89812	0.07741	-0.45398	-8.04603	0.64766	0.99012	-0.13998	0.00766	0.13996	0.99015	0.00245	-0.00792	-0.00135	0.99997	
3640	36.39000	-215.62933	-687.58801	988.84823	0.26893	-0.53077	-8.07411	0.63758	0.99004	-0.14050	0.00851	0.14045	0.99007	0.00595	-0.00926	-0.00469	0.99995	
3641	36.40000	-215.55260	-687.94806	988.76055	0.18585	-0.50305	-8.07085	0.63585	0.99006	-0.14042	0.00824	0.14039	0.99009	0.00444	-0.00878	-0.00324	0.99996	
3642	36.41000	-215.46906	-688.18565	988.75433	0.01663	-0.48451	-8.07326	0.63313	0.99005	-0.14044	0.00833	0.14043	0.99009	0.00147	-0.00846	-0.00029	0.99996	
3643	36.42000	-215.41290	-688.49078	988.57156	0.01159	-0.55818	-8.07567	0.61287	0.99004	-0.14048	0.00962	0.14047	0.99008	0.00157	-0.00974	-0.00020	0.99995	
3644	36.43000	-215.39995	-688.88741	988.58170	0.11703	-0.48125	-8.04152	0.59154	0.99013	-0.13991	0.00803	0.13989	0.99016	0.00320	-0.00840	-0.00204	0.99996	
3645	36.44000	-215.39972	-689.22223	988.47769	0.23117	-0.43514	-8.03508	0.63447	0.99015	-0.13981	0.00696	0.13978	0.99017	0.00506	-0.00759	-0.00403	0.99996	
3646	36.45000	-215.34467	-689.52295	988.37745	0.05881	-0.54071	-8.07823	0.66501	0.99003	-0.14053	0.00920	0.14052	0.99008	0.00234	-0.00944	-0.00103	0.99995	
3647	36.46000	-215.23801	-689.68385	988.24460	-0.31113	-0.45667	-8.01660	0.67575	0.99020	-0.13942	0.00865	0.13946	0.99022	-0.00427	-0.00797	0.00543	0.99995	
3648	36.47000	-215.23560	-689.97489	988.10708	-0.07784	-0.39062	-7.98520	0.64165	0.99028	-0.13891	0.00694	0.13891	0.99030	-0.00040	-0.00682	0.00136	0.99998	
3649	36.48000	-215.32493	-690.31567	988.09643	-0.04394	-0.34740	-7.95335	0.59970	0.99036	-0.13836	0.00611	0.13836	0.99038	0.00008	-0.00606	0.00077	0.99998	
3650	36.49000	-215.25374	-690.56273	988.01564	-0.09099	-0.24049	-7.96736	0.65376	0.99034	-0.13860	0.00438	0.13861	0.99035	-0.00099	-0.00420	0.00159	0.99999	
3651	36.50000	-215.27408	-690.90331	987.82158	-0.41631	-0.29347	-8.06233	0.66415	0.99010	-0.14021	0.00609	0.14025	0.99010	-0.00648	-0.00512	0.00727	0.99996	
3652	36.51000	-215.31118	-691.05738	987.74051	-0.58204	-0.27603	-8.09783	0.60891	0.99002	-0.14081	0.00620	0.14086	0.98998	-0.00938	-0.00482	0.01016	0.99994	
3653	36.52000	-215.28860	-691.28931	987.70863	-0.50366	-0.25387	-8.02062	0.62274	0.99021	-0.13949	0.00561	0.13953	0.99019	-0.00809	-0.00443	0.00879	0.99995	
3654	36.53000	-215.32288	-691.51477	987.62330	-0.52644	-0.27885	-7.93878	0.61546	0.99040	-0.13806	0.00609	0.13811	0.99038	-0.00843	-0.00487	0.00919	0.99995	
3655	36.54000	-215.39049	-691.79035	987.55719	-0.48343	-0.12883	-8.04333	0.59067	0.99016	-0.13990	0.00341	0.13992	0.99013	-0.00804	-0.00225	0.00844	0.99996	
3656	36.55000	-215.40012	-691.97507	987.49260	-0.54396	-0.06883	-8.04303	0.62819	0.99016	-0.13990	0.00252	0.13992	0.99012	-0.00923	-0.00120	0.00949	0.99995	
3657	36.56000	-215.39764	-692.15065	987.35774	-0.55985	-0.03913	-8.10292	0.63451	0.99002	-0.14094	0.00205	0.14095	0.98997	-0.00958	-0.00068	0.00977	0.99995	
3658	36.57000	-215.43686	-692.33874	987.33753	-0.68786	-0.00655	-8.07141	0.59852	0.99009	-0.14040	0.00180	0.14041	0.99002	-0.01187	-0.00011	0.01201	0.99993	
3659	36.58000	-215.51813	-692.56289	987.27113	-0.61684	-0.07261	-8.00248	0.64778	0.99026	-0.13919	0.00275	0.13922	0.99021	-0.01048	-0.00127	0.01077	0.99994	
3660	36.59000	-215.48061	-692.74421	987.19645	-0.62661	-0.04212	-7.92440	0.65371	0.99045	-0.13785	0.00224	0.13787	0.99039	-0.01073	-0.00074	0.01094	0.99994	
3661	36.60000	-215.57320	-692.82554	987.11445	-0.77550	-0.02029	-7.93867	0.67347	0.99042	-0.13810	0.00222	0.13811	0.99033	-0.01336	-0.00035	0.01353	0.99991	
3662	36.61000	-215.64772	-693.01206	987.07491	-0.81819	-0.02989	-7.99675	0.60455	0.99028	-0.13910	0.00250	0.13912	0.99018	-0.01407	-0.00052	0.01428	0.99990	
3663	36.62000	-215.69830	-693.07468	987.04400	-0.81401	0.04273	-7.93542	0.64207	0.99042	-0.13805	0.00122	0.13806	0.99032	-0.01417	0.00075	0.01421	0.99990	
3664	36.63000	-215.74038	-693.26264	987.03132	-0.79206	-0.00332	-7.96180	0.66699	0.99036	-0.13850	0.00197	0.13851	0.99027	-0.01368	-0.00006	0.01382	0.99990	
3665	36.64000	-215.86184	-693.34052	986.95901	-0.79332	0.03301	-7.96542	0.69458	0.99035	-0.13857	0.00135	0.13858	0.99026	-0.01379	0.00058	0.01385	0.99990	
3666	36.65000	-215.98282	-693.34193	986.90380	-1.05171	0.07769	-7.94096	0.62681	0.99041	-0.13815	0.00119	0.13815	0.99024	-0.01837	0.00136	0.01835	0.99983	
3667	36.66000	-216.09440	-693.41035	986.83568	-1.02952	0.08683	-7.95059	0.67696	0.99039	-0.13832	0.00098	0.13832	0.99022	-0.01800	0.00152	0.01797	0.99984	
3668	36.67000	-216.19033	-693.50794	986.84777	-0.90035	0.02729	-7.97569	0.65965	0.99033	-0.13874	0.00171	0.13875	0.99020	-0.01563	0.00048	0.01571	0.99988	
3669	36.68000	-216.33170	-693.55680	986.85935	-0.89188	0.09419	-7.98400	0.68755	0.99031	-0.13891	0.00053	0.13890	0.99018	-0.01564	0.00164	0.01557	0.99988	
3670	36.69000	-216.46552	-693.56264	986.75585	-1.04425	0.07886	-8.04877	0.72490	0.99015	-0.14002	0.00119	0.14002	0.98998	-0.01824	0.00138	0.01822	0.99983	
3671	36.70000	-216.60000	-693.54526	986.73943	-1.30597	0.01540	-8.06882	0.66776	0.99010	-0.14033	0.00293	0.14036	0.98984	-0.02260	0.00027	0.02279	0.99974	
3672	36.71000	-216.73360	-693.48673	986.70943	-1.26057	0.02195	-8.02714	0.67001	0.99020	-0.13962	0.00269	0.13964	0.98996	-0.02184	0.00038	0.02200	0.99976	
3673	36.72000	-216.88722	-693.49693	986.69902	-1.12707	0.06259	-7.95969	0.63956	0.99037	-0.13847	0.00164	0.13848	0.99017	-0.01963	0.00109	0.01967	0.99981	
3674	36.73000	-217.02164	-693.50396	986.65172	-1.16306	0.10891	-8.01276	0.67734	0.99024	-0.13940	0.00095	0.13939	0.99003	-0.02036	0.00190	0.02030	0.99979	
3675	36.74000	-217.13777	-693.40848	986.67019	-1.17874	0.16451	-7.99358	0.67922	0.99028	-0.13909	0.00002	0.13906	0.99007	-0.02077	0.00287	0.02057	0.99978	
3676	36.75000	-217.28829	-693.33475	986.59841	-1.41896	0.13387	-8.04820	0.65257	0.99015	-0.14002	0.00115	0.14001	0.98984	-0.02485	0.00234	0.02476	0.99969	
3677	36.76000	-217.45372	-693.25695	986.57613	-1.38265	0.10466	-8.04342	0.64455	0.99016	-0.13993	0.00157	0.13992	0.98987	-0.02415	0.00183	0.02413	0.99971	
3678	36.77000	-217.63098	-693.16766	986.53684	-1.32217	0.08338	-7.99711	0.66981	0.99027	-0.13912	0.00177	0.13912	0.99001	-0.02305	0.00146	0.02307	0.99973	
3679	36.78000	-217.76548	-693.08197	986.57943	-1.28039	0.12010	-8.03836	0.66924	0.99017	-0.13985	0.00105	0.13984	0.98992	-0.02242	0.00210	0.02235	0.99975	
3680	36.79000	-217.91659	-692.89813	986.54971	-1.41539	0.15223	-8.13570	0.65706	0.98993	-0.14154	0.00087	0.14152	0.98962	-0.02483	0.00266	0.02470	0.99969	
3681	36.80000	-218.04424	-692.69497	986.55625	-1.39686	0.18756	-8.13033	0.67054	0.98994	-0.14146	0.00021	0.14142	0.98964	-0.02460	0.00327	0.02438	0.99970	
3682	36.81000	-218.22591	-692.55996	986.47620	-1.40923	0.26438	-8.12012	0.66266	0.98996	-0.14132	-0.00109	0.14125	0.98966	-0.02500	0.00461	0.02459	0.99969	
3683	36.82000	-218.40733	-692.46711	986.49918	-1.33055	0.18741	-8.14227	0.62595	0.98991	-0.14167	0.00005	0.14163	0.98964	-0.02345	0.00327	0.02322	0.99973	
3684	36.83000	-218.54859	-692.32583	986.51640	-1.25628	0.23929	-8.11995	0.65666	0.98997	-0.14130	-0.00104	0.14124	0.98972	-0.02229	0.00418	0.02192	0.99975	
3685	36.84000	-218.65855	-692.01406	986.46498	-1.32767	0.22117	-8.17635	0.64393	0.98983	-0.14227	-0.00052	0.14222	0.98956	-0.02348	0.00386	0.02317	0.99972	
3686	36.85000	-218.79178	-691.79733	986.51955	-1.39901	0.21334	-8.19528	0.64054	0.98978	-0.14259	-0.00020	0.14255	0.98948	-0.02470	0.00372	0.02441	0.99970	
3687	36.86000	-218.94156	-691.64460	986.60128	-1.00081	0.20301	-8.15377	0.64196	0.98988	-0.14187	-0.00103	0.14183	0.98973	-0.01779	0.00354	0.01747	0.99984	
3688	36.87000	-219.12050	-691.41973	986.60769	-0.96836	0.35639	-8.08959	0.58522	0.99003	-0.14081	-0.00378	0.14072	0.98989	-0.01761	0.00622	0.01690	0.99984	
3689	36.88000	-219.21513	-691.19588	986.63002	-1.09927	0.39817	-8.17565	0.65479	0.98981	-0.14231	-0.00415	0.14220	0.98964	-0.01998	0.00695	0.01918	0.99979	
3690	36.89000	-219.23667	-690.86281	986.56214	-1.30731	0.39446	-8.18721	0.64840	0.98978	-0.14253	-0.00356	0.14240	0.98953	-0.02356	0.00688	0.02281	0.99972	
3691	36.90000	-219.34452	-690.55691	986.58301	-1.31912	0.31397	-8.16794	0.63730	0.98984	-0.14216	-0.00215	0.14207	0.98958	-0.02357	0.00548	0.02302	0.99972	
3692	36.91000	-219.49782	-690.24276	986.62086	-0.95961	0.42375	-8.16251	0.61917	0.98984	-0.14208	-0.00494	0.14198	0.98971	-0.01763	0.00740	0.01675	0.99983	
3693	36.92000	-219.67028	-689.96964	986.66560	-0.85149	0.39947	-8.22328	0.59242	0.98969	-0.14312	-0.00477	0.14303	0.98959	-0.01571	0.00697	0.01486	0.99987	
3694	36.93000	-219.76408	-689.65030	986.69191	-0.92194	0.39085	-8.24466	0.60438	0.98964	-0.14349	-0.00444	0.14340	0.98952	-0.01690	0.00682	0.01609	0.99985	
3695	36.94000	-219.70763	-689.26105	986.65112	-1.04024	0.49704	-8.26968	0.61158	0.98956	-0.14396	-0.00597	0.14383	0.98942	-0.01921	0.00867	0.01815	0.99980	
3696	36.95000	-219.78747	-688.81458	986.64835	-1.04593	0.49106	-8.32614	0.58791	0.98942	-0.14494	-0.00584	0.14480	0.98927	-0.01930	0.00857	0.01825	0.99980	
3697	36.96000	-219.91819	-688.47686	986.68787	-0.91520	0.53284	-8.32704	0.56975	0.98941	-0.14495	-0.00689	0.14482	0.98931	-0.01715	0.00930	0.01597	0.99983	
3698	36.97000	-219.99151	-688.10822	986.69161	-0.72184	0.56175	-8.32227	0.62088	0.98942	-0.14485	-0.00788	0.14473	0.98937	-0.01388	0.00980	0.01260	0.99987	
3699	36.98000	-220.04819	-687.65842	986.71128	-0.80300	0.59910	-8.28087	0.60188	0.98952	-0.14416	-0.00833	0.14402	0.98946	-0.01537	0.01046	0.01401	0.99985	
3700	36.99000	-220.07546	-687.20802	986.75358	-0.89236	0.59689	-8.40415	0.63483	0.98921	-0.14630	-0.00803	0.14615	0.98912	-0.01693	0.01042	0.01557	0.99982	
3701	37.00000	-220.04973	-686.75439	986.69576	-0.90322	0.63117	-8.43358	0.60364	0.98913	-0.14682	-0.00858	0.14665	0.98904	-0.01721	0.01102	0.01576	0.99982	
3702	37.01000	-220.09850	-686.28626	986.68897	-0.83361	0.62565	-8.46360	0.58694	0.98905	-0.14732	-0.00866	0.14717	0.98898	-0.01600	0.01092	0.01455	0.99983	
3703	37.02000	-220.13118	-685.85242	986.75489	-0.86500	0.72192	-8.51075	0.64489	0.98891	-0.14817	-0.01023	0.14798	0.98885	-0.01679	0.01260	0.01510	0.99981	
3704	37.03000	-220.12558	-685.34498	986.79157	-0.87176	0.70738	-8.49046	0.61455	0.98897	-0.14781	-0.00996	0.14763	0.98890	-0.01687	0.01235	0.01521	0.99981	
3705	37.04000	-220.14885	-684.86152	986.83053	-0.90495	0.76684	-8.39050	0.63005	0.98921	-0.14611	-0.01093	0.14591	0.98914	-0.01758	0.01338	0.01579	0.99979	
3706	37.05000	-220.10467	-684.42594	986.82572	-0.80248	0.83365	-8.50847	0.66967	0.98889	-0.14814	-0.01232	0.14794	0.98887	-0.01600	0.01455	0.01400	0.99980	
3707	37.06000	-220.07948	-684.03370	986.88250	-0.66868	0.96122	-8.53660	0.67747	0.98878	-0.14862	-0.01486	0.14842	0.98882	-0.01403	0.01678	0.01167	0.99979	
3708	37.07000	-220.06759	-683.54774	986.96680	-0.60672	0.92247	-8.56220	0.67913	0.98873	-0.14904	-0.01434	0.14886	0.98877	-0.01287	0.01610	0.01059	0.99981	
3709	37.08000	-219.98032	-682.97972	986.99853	-0.70622	0.93408	-8.65232	0.65171	0.98849	-0.15063	-0.01426	0.15042	0.98851	-0.01464	0.01630	0.01232	0.99979	
3710	37.09000	-219.95898	-682.53650	987.03349	-0.56510	0.93806	-8.55255	0.59117	0.98875	-0.14887	-0.01472	0.14870	0.98881	-0.01219	0.01637	0.00986	0.99982	
3711	37.10000	-219.96095	-682.10933	987.02305	-0.23168	0.93844	-8.55445	0.59144	0.98874	-0.14881	-0.01559	0.14873	0.98886	-0.00643	0.01638	0.00404	0.99986	
3712	37.11000	-220.03200	-681.69401	987.07925	-0.13709	1.09428	-8.62083	0.65664	0.98852	-0.14994	-0.01852	0.14987	0.98869	-0.00523	0.01910	0.00239	0.99981	
3713	37.12000	-219.74789	-681.23300	987.15329	-0.19425	1.01738	-8.60299	0.66642	0.98859	-0.14965	-0.01705	0.14956	0.98873	-0.00601	0.01776	0.00339	0.99984	
3714	37.13000	-219.61118	-680.71908	987.29433	-0.27651	0.96299	-8.64476	0.63169	0.98850	-0.15039	-0.01589	0.15029	0.98862	-0.00730	0.01681	0.00483	0.99985	
3715	37.14000	-219.55956	-680.18802	987.30665	-0.18753	0.98127	-8.63246	0.64453	0.98853	-0.15015	-0.01644	0.15007	0.98866	-0.00581	0.01713	0.00327	0.99985	
3716	37.15000	-219.51454	-679.67799	987.36271	-0.01512	1.06971	-8.60267	0.63652	0.98858	-0.14959	-0.01842	0.14956	0.98875	-0.00305	0.01867	0.00026	0.99983	
3717	37.16000	-219.46234	-679.25104	987.47817	0.23862	1.13367	-8.62725	0.62477	0.98849	-0.14992	-0.02019	0.14998	0.98869	0.00115	0.01979	-0.00416	0.99980	
3718	37.17000	-219.30226	-678.79844	987.52444	0.31183	1.05789	-8.71286	0.69207	0.98829	-0.15138	-0.01907	0.15146	0.98846	0.00258	0.01846	-0.00544	0.99981	
3719	37.18000	-219.20580	-678.21548	987.69445	0.14573	1.02349	-8.68554	0.60887	0.98837	-0.15097	-0.01804	0.15099	0.98854	-0.00018	0.01786	-0.00254	0.99984	
3720	37.19000	-219.10600	-677.80271	987.75202	0.24973	1.06579	-8.62847	0.61992	0.98851	-0.14994	-0.01904	0.15000	0.98868	0.00152	0.01860	-0.00436	0.99982	
3721	37.20000	-219.04707	-677.34873	987.90510	0.59261	1.13655	-8.63434	0.64007	0.98847	-0.14992	-0.02116	0.15010	0.98864	0.00725	0.01984	-0.01034	0.99975	
3722	37.21000	-218.91888	-676.82865	987.97679	0.62604	1.17319	-8.73878	0.64092	0.98818	-0.15170	-0.02190	0.15190	0.98837	0.00769	0.02047	-0.01092	0.99973	
3723	37.22000	-218.77559	-676.32430	988.07139	0.46220	1.17333	-8.81656	0.65583	0.98798	-0.15310	-0.02147	0.15324	0.98818	0.00483	0.02048	-0.00807	0.99976	
3724	37.23000	-218.71383	-675.83502	988.18034	0.43545	1.28016	-8.88290	0.64147	0.98776	-0.15424	-0.02325	0.15438	0.98800	0.00406	0.02234	-0.00760	0.99972	
3725	37.24000	-218.58400	-675.36068	988.27256	0.45413	1.27859	-8.85295	0.65160	0.98784	-0.15372	-0.02327	0.15386	0.98808	0.00440	0.02231	-0.00792	0.99972	
3726	37.25000	-218.43347	-674.93020	988.32327	0.59775	1.20070	-8.78947	0.69007	0.98804	-0.15258	-0.02230	0.15277	0.98824	0.00711	0.02095	-0.01043	0.99973	
3727	37.26000	-218.10991	-674.39193	988.41028	0.65726	0.97210	-8.82714	0.65854	0.98801	-0.15325	-0.01852	0.15343	0.98812	0.00873	0.01697	-0.01147	0.99979	
3728	37.27000	-217.98971	-673.79207	988.58467	0.57162	1.06672	-8.81648	0.64586	0.98801	-0.15308	-0.01992	0.15324	0.98816	0.00701	0.01862	-0.00997	0.99978	
3729	37.28000	-217.80815	-673.31704	988.62275	0.72678	1.05174	-8.81206	0.68107	0.98803	-0.15295	-0.02008	0.15317	0.98815	0.00972	0.01836	-0.01268	0.99975	
3730	37.29000	-217.64365	-672.94754	988.73999	0.81077	1.00418	-8.86399	0.62826	0.98791	-0.15383	-0.01949	0.15407	0.98800	0.01128	0.01753	-0.01415	0.99975	
3731	37.30000	-217.51730	-672.48039	988.84527	0.93531	1.01268	-8.88653	0.66794	0.98784	-0.15417	-0.01998	0.15445	0.98791	0.01340	0.01767	-0.01632	0.99971	
3732	37.31000	-217.29184	-671.96198	988.89794	0.76393	0.94876	-8.94592	0.64109	0.98770	-0.15527	-0.01843	0.15548	0.98778	0.01060	0.01656	-0.01333	0.99977	
3733	37.32000	-217.13316	-671.49087	989.02812	0.73503	0.89132	-8.92420	0.61508	0.98777	-0.15492	-0.01736	0.15511	0.98784	0.01026	0.01556	-0.01283	0.99980	
3734	37.33000	-217.06636	-671.00053	989.20731	0.96888	1.00179	-8.88815	0.64883	0.98784	-0.15419	-0.01988	0.15448	0.98790	0.01401	0.01748	-0.01691	0.99970	
3735	37.34000	-216.85151	-670.60043	989.32058	1.05290	1.00915	-8.89658	0.64278	0.98782	-0.15431	-0.02024	0.15463	0.98785	0.01543	0.01761	-0.01837	0.99968	
3736	37.35000	-216.62173	-670.21924	989.37891	1.01775	1.01861	-8.96287	0.67203	0.98763	-0.15546	-0.02032	0.15577	0.98768	0.01478	0.01778	-0.01776	0.99968	
3737	37.36000	-216.35711	-669.72071	989.45814	0.85316	1.04175	-8.97007	0.69391	0.98761	-0.15563	-0.02028	0.15589	0.98770	0.01187	0.01818	-0.01489	0.99972	
3738	37.37000	-216.08060	-669.35636	989.51665	0.85078	0.97911	-8.95316	0.65981	0.98767	-0.15536	-0.01919	0.15560	0.98775	0.01201	0.01709	-0.01485	0.99974	
3739	37.38000	-215.71723	-668.95522	989.67728	0.93314	0.89452	-8.96965	0.64581	0.98765	-0.15564	-0.01796	0.15589	0.98768	0.01365	0.01561	-0.01628	0.99975	
3740	37.39000	-215.48327	-668.60513	989.79212	1.10077	0.85559	-8.98118	0.65170	0.98763	-0.15580	-0.01775	0.15609	0.98760	0.01664	0.01493	-0.01921	0.99970	
3741	37.40000	-215.20145	-668.25439	989.90950	1.01437	0.74186	-9.04512	0.58483	0.98748	-0.15696	-0.01557	0.15720	0.98745	0.01545	0.01295	-0.01770	0.99976	
3742	37.41000	-215.08412	-667.82667	990.07816	0.92613	0.83230	-9.04992	0.60930	0.98745	-0.15704	-0.01689	0.15728	0.98746	0.01368	0.01453	-0.01616	0.99976	
3743	37.42000	-214.82869	-667.51520	990.12606	1.04498	0.75630	-9.07910	0.63606	0.98739	-0.15753	-0.01591	0.15778	0.98735	0.01593	0.01320	-0.01824	0.99975	
3744	37.43000	-214.60921	-667.25559	990.28916	1.12584	0.69304	-9.01706	0.61926	0.98757	-0.15646	-0.01502	0.15672	0.98749	0.01751	0.01210	-0.01965	0.99973	
3745	37.44000	-214.35280	-666.98593	990.40190	1.19812	0.66557	-9.05876	0.66183	0.98746	-0.15717	-0.01476	0.15744	0.98735	0.01882	0.01162	-0.02091	0.99971	
3746	37.45000	-214.01665	-666.71007	990.55634	0.91042	0.55333	-9.12590	0.66762	0.98730	-0.15843	-0.01205	0.15860	0.98724	0.01416	0.00966	-0.01589	0.99983	
3747	37.46000	-213.64912	-666.38693	990.66055	0.95005	0.42079	-9.08516	0.62576	0.98743	-0.15776	-0.00987	0.15790	0.98734	0.01521	0.00734	-0.01658	0.99984	
3748	37.47000	-213.59985	-666.15694	990.90399	1.10018	0.53572	-9.08758	0.66255	0.98740	-0.15774	-0.01226	0.15794	0.98729	0.01748	0.00935	-0.01920	0.99977	
3749	37.48000	-213.32669	-666.03992	991.02992	1.26760	0.42603	-9.12160	0.68232	0.98733	-0.15833	-0.01085	0.15853	0.98714	0.02066	0.00744	-0.02212	0.99973	
3750	37.49000	-213.03750	-665.83252	991.10731	1.16647	0.41320	-9.13096	0.70060	0.98730	-0.15851	-0.01035	0.15869	0.98715	0.01896	0.00721	-0.02036	0.99977	
3751	37.50000	-212.77746	-665.58228	991.28073	1.02765	0.49220	-9.12217	0.66805	0.98732	-0.15836	-0.01132	0.15853	0.98722	0.01635	0.00859	-0.01793	0.99980	
3752	37.51000	-212.48945	-665.41137	991.29953	1.11584	0.41778	-9.17133	0.63903	0.98719	-0.15922	-0.01030	0.15938	0.98705	0.01806	0.00729	-0.01947	0.99978	
3753	37.52000	-212.21822	-665.33418	991.52001	1.14784	0.41423	-9.15039	0.62825	0.98725	-0.15885	-0.01032	0.15902	0.98710	0.01863	0.00723	-0.02003	0.99977	
3754	37.53000	-211.99537	-665.24321	991.61226	1.30561	0.40550	-9.16026	0.64983	0.98722	-0.15900	-0.01061	0.15919	0.98702	0.02137	0.00708	-0.02278	0.99972	
3755	37.54000	-211.67554	-665.10484	991.69982	1.20887	0.38929	-9.15405	0.64803	0.98724	-0.15891	-0.01006	0.15909	0.98707	0.01975	0.00679	-0.02110	0.99975	
3756	37.55000	-211.43193	-664.98243	991.79475	1.09434	0.34078	-9.15659	0.64564	0.98724	-0.15899	-0.00891	0.15913	0.98710	0.01791	0.00595	-0.01910	0.99980	
3757	37.56000	-211.00233	-664.90814	991.78226	1.06727	0.09748	-9.10177	0.61342	0.98741	-0.15813	-0.00463	0.15819	0.98724	0.01812	0.00170	-0.01863	0.99983	
3758	37.57000	-210.88711	-664.83834	991.98489	1.09121	0.22341	-9.19350	0.63656	0.98715	-0.15967	-0.00689	0.15977	0.98699	0.01818	0.00390	-0.01904	0.99981	
3759	37.58000	-210.65382	-664.76504	992.08793	1.06660	0.22807	-9.18979	0.64245	0.98716	-0.15960	-0.00690	0.15970	0.98701	0.01774	0.00398	-0.01861	0.99982	
3760	37.59000	-210.32915	-664.72323	992.13789	1.05897	0.16556	-9.20558	0.61570	0.98712	-0.15990	-0.00581	0.15998	0.98696	0.01778	0.00289	-0.01848	0.99983	
3761	37.60000	-210.13240	-664.70161	992.20510	1.17905	0.15842	-9.17839	0.62145	0.98719	-0.15942	-0.00601	0.15951	0.98700	0.01987	0.00277	-0.02058	0.99978	
3762	37.61000	-209.88847	-664.68536	992.29762	1.21287	0.09297	-9.18688	0.62809	0.98717	-0.15959	-0.00498	0.15965	0.98696	0.02064	0.00162	-0.02117	0.99977	
3763	37.62000	-209.60610	-664.71638	992.41325	1.25231	-0.04527	-9.20066	0.65895	0.98713	-0.15987	-0.00271	0.15989	0.98690	0.02170	-0.00079	-0.02186	0.99976	
3764	37.63000	-209.32977	-664.67617	992.46652	1.04382	0.00363	-9.24884	0.61890	0.98700	-0.16069	-0.00299	0.16072	0.98684	0.01797	0.00006	-0.01822	0.99983	
3765	37.64000	-209.06844	-664.64417	992.52526	1.05062	-0.03643	-9.20865	0.62506	0.98711	-0.16001	-0.00231	0.16003	0.98694	0.01820	-0.00064	-0.01834	0.99983	
3766	37.65000	-208.83927	-664.80088	992.65835	1.28163	-0.11475	-9.16049	0.61657	0.98724	-0.15920	-0.00158	0.15920	0.98699	0.02240	-0.00200	-0.02237	0.99975	
3767	37.66000	-208.64806	-664.90688	992.79526	1.47636	-0.05378	-9.15422	0.60698	0.98726	-0.15906	-0.00317	0.15909	0.98693	0.02559	-0.00094	-0.02576	0.99967	
3768	37.67000	-208.40181	-665.00028	992.80121	1.27405	-0.10321	-9.21309	0.65636	0.98710	-0.16011	-0.00178	0.16011	0.98685	0.02224	-0.00180	-0.02223	0.99975	
3769	37.68000	-208.09820	-665.05535	992.81241	1.02913	-0.19401	-9.25632	0.67270	0.98697	-0.16089	0.00045	0.16085	0.98681	0.01827	-0.00339	-0.01796	0.99983	
3770	37.69000	-207.76259	-665.18471	992.80808	1.08640	-0.34327	-9.20060	0.62329	0.98712	-0.15997	0.00288	0.15989	0.98694	0.01967	-0.00599	-0.01896	0.99980	
3771	37.70000	-207.70473	-665.40699	992.86131	1.22433	-0.13141	-9.19057	0.63125	0.98716	-0.15973	-0.00115	0.15972	0.98693	0.02146	-0.00229	-0.02137	0.99977	
3772	37.71000	-207.50621	-665.61254	992.97122	1.37274	-0.24777	-9.12944	0.67184	0.98732	-0.15872	0.00047	0.15866	0.98703	0.02434	-0.00432	-0.02396	0.99970	
3773	37.72000	-207.28379	-665.79485	993.00511	1.21101	-0.14482	-9.22837	0.62193	0.98705	-0.16039	-0.00090	0.16037	0.98683	0.02127	-0.00253	-0.02113	0.99977	
3774	37.73000	-207.00221	-665.97644	993.00867	1.12214	-0.12598	-9.28394	0.66321	0.98690	-0.16134	-0.00099	0.16133	0.98670	0.01968	-0.00220	-0.01958	0.99981	
3775	37.74000	-206.81836	-666.20212	992.98210	0.97861	-0.11208	-9.19927	0.65536	0.98714	-0.15988	-0.00080	0.15987	0.98699	0.01717	-0.00196	-0.01708	0.99985	
3776	37.75000	-206.66735	-666.53022	992.99050	1.14324	-0.13777	-9.20694	0.64849	0.98711	-0.16002	-0.00082	0.16000	0.98691	0.02008	-0.00240	-0.01995	0.99980	
3777	37.76000	-206.50280	-666.81716	993.12767	1.39147	-0.24499	-9.19584	0.63551	0.98714	-0.15986	0.00034	0.15981	0.98684	0.02465	-0.00428	-0.02428	0.99970	
3778	37.77000	-206.28567	-667.04231	993.11680	1.14710	-0.05206	-9.17161	0.62688	0.98721	-0.15938	-0.00229	0.15939	0.98701	0.01991	-0.00091	-0.02002	0.99980	
3779	37.78000	-206.16093	-667.42336	993.02322	1.20178	-0.23242	-9.15143	0.66425	0.98726	-0.15909	0.00067	0.15904	0.98704	0.02135	-0.00406	-0.02097	0.99977	
3780	37.79000	-206.03530	-667.86799	993.12533	1.37325	-0.21329	-9.11683	0.62116	0.98736	-0.15849	-0.00012	0.15845	0.98707	0.02425	-0.00372	-0.02397	0.99971	
3781	37.80000	-205.91811	-668.24769	993.06683	1.28029	-0.23410	-9.14203	0.67085	0.98729	-0.15893	0.00048	0.15888	0.98704	0.02271	-0.00409	-0.02234	0.99974	
3782	37.81000	-205.67701	-668.54936	993.04329	1.11287	-0.31033	-9.21505	0.69860	0.98708	-0.16021	0.00224	0.16014	0.98689	0.02004	-0.00542	-0.01942	0.99980	
3783	37.82000	-205.47332	-668.90828	993.12224	1.00578	-0.32514	-9.24168	0.67125	0.98700	-0.16067	0.00278	0.16060	0.98685	0.01824	-0.00567	-0.01755	0.99983	
3784	37.83000	-205.41225	-669.32440	993.10681	1.17065	-0.25358	-9.15492	0.64195	0.98725	-0.15916	0.00112	0.15910	0.98704	0.02087	-0.00443	-0.02043	0.99978	
3785	37.84000	-205.33360	-669.81477	993.05308	1.26121	-0.28593	-9.04660	0.64595	0.98755	-0.15731	0.00147	0.15724	0.98730	0.02252	-0.00499	-0.02201	0.99975	
3786	37.85000	-205.25445	-670.27508	992.99150	1.24599	-0.28545	-9.15799	0.65922	0.98724	-0.15923	0.00146	0.15916	0.98700	0.02226	-0.00498	-0.02174	0.99975	
3787	37.86000	-205.12528	-670.66658	993.02441	1.08228	-0.27632	-9.24998	0.67537	0.98698	-0.16080	0.00172	0.16074	0.98681	0.01942	-0.00482	-0.01889	0.99981	
3788	37.87000	-205.00019	-671.13882	992.93521	1.04262	-0.32193	-9.19463	0.68041	0.98714	-0.15986	0.00264	0.15979	0.98697	0.01886	-0.00562	-0.01820	0.99982	
3789	37.88000	-204.94661	-671.66317	992.94602	1.15564	-0.30382	-9.15047	0.62702	0.98726	-0.15910	0.00203	0.15903	0.98706	0.02075	-0.00530	-0.02017	0.99978	
3790	37.89000	-204.87202	-672.16781	992.92169	1.15240	-0.25460	-9.11405	0.67385	0.98737	-0.15846	0.00120	0.15840	0.98716	0.02056	-0.00444	-0.02011	0.99979	
3791	37.90000	-204.84716	-672.68115	992.80591	1.17431	-0.28702	-9.14651	0.67462	0.98727	-0.15903	0.00169	0.15896	0.98706	0.02103	-0.00501	-0.02049	0.99978	
3792	37.91000	-204.77211	-673.15855	992.79805	0.86662	-0.22902	-9.19779	0.65088	0.98713	-0.15988	0.00153	0.15984	0.98702	0.01557	-0.00400	-0.01512	0.99988	
3793	37.92000	-204.72988	-673.69621	992.78566	1.11938	-0.24541	-9.22460	0.68422	0.98706	-0.16036	0.00110	0.16030	0.98687	0.01997	-0.00428	-0.01954	0.99980	
3794	37.93000	-204.56145	-674.31184	992.74657	1.35512	-0.50106	-9.07767	0.60937	0.98744	-0.15793	0.00490	0.15777	0.98717	0.02473	-0.00875	-0.02365	0.99968	
3795	37.94000	-204.60335	-674.88889	992.67980	1.31338	-0.42680	-9.04937	0.64048	0.98753	-0.15741	0.00375	0.15728	0.98727	0.02381	-0.00745	-0.02292	0.99971	
3796	37.95000	-204.52953	-675.39494	992.59473	1.10125	-0.43062	-9.12344	0.64344	0.98732	-0.15868	0.00437	0.15856	0.98714	0.02017	-0.00752	-0.01922	0.99979	
3797	37.96000	-204.51179	-675.92416	992.59582	0.96117	-0.46341	-9.14612	0.60052	0.98725	-0.15906	0.00532	0.15895	0.98713	0.01785	-0.00809	-0.01677	0.99983	
3798	37.97000	-204.55873	-676.53222	992.53447	1.18262	-0.38646	-9.15132	0.58158	0.98725	-0.15915	0.00338	0.15904	0.98704	0.02145	-0.00675	-0.02064	0.99976	
3799	37.98000	-204.72073	-677.25034	992.49149	1.34247	-0.22136	-9.11957	0.64722	0.98735	-0.15854	0.00010	0.15849	0.98707	0.02374	-0.00386	-0.02343	0.99972	
3800	37.99000	-204.69703	-677.79861	992.40693	1.23317	-0.17490	-9.12513	0.65224	0.98734	-0.15862	-0.00040	0.15859	0.98711	0.02173	-0.00305	-0.02152	0.99976	
3801	38.00000	-204.68589	-678.29781	992.39147	1.08842	-0.20550	-9.03940	0.69939	0.98757	-0.15715	0.00056	0.15711	0.98739	0.01932	-0.00359	-0.01900	0.99981	
3802	38.01000	-204.72867	-678.85703	992.32185	0.98159	-0.28467	-9.14459	0.64750	0.98728	-0.15899	0.00218	0.15892	0.98713	0.01770	-0.00497	-0.01713	0.99984	
3803	38.02000	-204.77317	-679.39134	992.26323	0.84703	-0.17726	-9.12603	0.63723	0.98734	-0.15863	0.00071	0.15861	0.98723	0.01509	-0.00309	-0.01478	0.99989	
3804	38.03000	-204.81672	-680.01873	992.23266	1.14194	-0.08862	-8.99993	0.66763	0.98769	-0.15643	-0.00159	0.15643	0.98749	0.01993	-0.00155	-0.01993	0.99980	
3805	38.04000	-204.83754	-680.50589	992.13863	0.88247	-0.09377	-8.99374	0.57592	0.98770	-0.15633	-0.00079	0.15633	0.98758	0.01547	-0.00164	-0.01540	0.99988	
3806	38.05000	-204.85988	-681.04649	992.01056	0.67637	-0.00861	-9.00419	0.64590	0.98768	-0.15650	-0.00170	0.15651	0.98761	0.01168	-0.00015	-0.01180	0.99993	
3807	38.06000	-204.91921	-681.59781	991.82618	0.52206	-0.00385	-8.99133	0.66017	0.98771	-0.15628	-0.00136	0.15628	0.98767	0.00901	-0.00007	-0.00911	0.99996	
3808	38.07000	-204.89702	-682.03930	991.86730	0.39194	-0.08125	-8.99239	0.63537	0.98771	-0.15631	0.00033	0.15630	0.98768	0.00698	-0.00142	-0.00684	0.99998	
3809	38.08000	-204.94198	-682.55526	991.78464	0.34255	-0.05602	-9.05090	0.62724	0.98755	-0.15731	0.00003	0.15731	0.98753	0.00606	-0.00098	-0.00598	0.99998	
3810	38.09000	-204.97589	-683.05544	991.62259	0.07080	-0.00221	-9.09270	0.62535	0.98743	-0.15803	-0.00016	0.15803	0.98743	0.00123	-0.00004	-0.00124	1.00000	
3811	38.10000	-205.07935	-683.57912	991.59870	-0.02740	-0.00675	-8.99864	0.62706	0.98769	-0.15641	0.00019	0.15641	0.98769	-0.00045	-0.00012	0.00048	1.00000	
3812	38.11000	-205.22264	-684.14416	991.53165	0.18550	0.14117	-8.95326	0.63064	0.98781	-0.15562	-0.00294	0.15563	0.98781	0.00281	0.00246	-0.00324	0.99999	
3813	38.12000	-205.32852	-684.67525	991.48990	0.03648	0.11140	-8.98269	0.66088	0.98773	-0.15613	-0.00202	0.15614	0.98774	0.00033	0.00194	-0.00064	1.00000	
3814	38.13000	-205.39888	-685.08540	991.44654	-0.30608	0.12246	-9.00523	0.62993	0.98767	-0.15653	-0.00127	0.15652	0.98766	-0.00561	0.00214	0.00534	0.99998	
3815	38.14000	-205.47807	-685.56878	991.40164	-0.36777	0.08088	-8.97246	0.62509	0.98776	-0.15597	-0.00039	0.15596	0.98774	-0.00656	0.00141	0.00642	0.99998	
3816	38.15000	-205.64394	-686.13111	991.37042	-0.24764	0.03359	-8.90466	0.60496	0.98795	-0.15479	0.00009	0.15479	0.98794	-0.00436	0.00059	0.00432	0.99999	
3817	38.16000	-205.85582	-686.60496	991.26801	-0.28454	0.08229	-8.89698	0.62250	0.98797	-0.15466	-0.00065	0.15466	0.98795	-0.00513	0.00144	0.00497	0.99999	
3818	38.17000	-205.99591	-687.09961	991.21403	-0.37653	0.02329	-8.93102	0.63888	0.98788	-0.15524	0.00062	0.15525	0.98785	-0.00656	0.00041	0.00657	0.99998	
3819	38.18000	-206.05681	-687.43185	991.20297	-0.66338	0.05849	-8.89241	0.60209	0.98798	-0.15458	0.00078	0.15458	0.98791	-0.01160	0.00102	0.01158	0.99993	
3820	38.19000	-206.19230	-687.79286	991.09243	-0.80163	-0.00157	-8.82438	0.63655	0.98816	-0.15339	0.00217	0.15341	0.98807	-0.01382	-0.00003	0.01399	0.99990	
3821	38.20000	-206.53426	-688.31842	991.07692	-0.67399	-0.10806	-8.89366	0.60796	0.98798	-0.15457	0.00368	0.15460	0.98791	-0.01133	-0.00189	0.01176	0.99993	
