NO_OF_FRAMES	5019
NO_OF_CAMERAS	12
NO_OF_BODIES	2
FREQUENCY	100
NO_OF_ANALOG	0
ANALOG_FREQUENCY	0
DESCRIPTION	--
TIME_STAMP	2022-03-02, 12:21:16.174	703881.88170780
DATA_INCLUDED	6D
BODY_NAMES	Drone	Origin
BODY_FILTERS	No filter	No filter
TRANSLATION_ORIGIN	Global	Global	
ROTATION_ORIGIN	Global	Global	
Frame	Time	Drone X	Y	Z	Roll	Pitch	Yaw	Residual	Rot[0]	Rot[1]	Rot[2]	Rot[3]	Rot[4]	Rot[5]	Rot[6]	Rot[7]	Rot[8]		Origin X	Y	Z	Roll	Pitch	Yaw	Residual	Rot[0]	Rot[1]	Rot[2]	Rot[3]	Rot[4]	Rot[5]	Rot[6]	Rot[7]	Rot[8]	
982	9.81000	1087.71452	3864.74417	200.76707	0.64481	0.09325	-0.54123	1.36123	0.99995	-0.00943	-0.00173	0.00945	0.99989	0.01124	0.00163	-0.01125	0.99994		201.18671	101.27420	48.98249	-0.00000	0.00000	0.00000	0.01952	1.00000	0.00000	-0.00000	-0.00000	1.00000	-0.00000	0.00000	0.00000	1.00000	
983	9.82000	1087.55116	3864.75888	200.85057	0.61402	0.28295	-0.47779	1.30533	0.99995	-0.00829	-0.00503	0.00834	0.99991	0.01067	0.00494	-0.01072	0.99993		201.16914	101.26489	48.98573	0.00144	-0.00033	0.00105	0.02560	1.00000	0.00002	0.00001	-0.00002	1.00000	0.00003	-0.00001	-0.00003	1.00000	
984	9.83000	1087.34869	3864.73325	200.76348	0.62619	0.19235	-0.57400	1.36376	0.99994	-0.00998	-0.00347	0.01002	0.99989	0.01089	0.00336	-0.01093	0.99993		201.17611	101.25000	48.97266	0.01148	-0.00120	0.00082	0.02127	1.00000	0.00001	0.00002	-0.00001	1.00000	0.00020	-0.00002	-0.00020	1.00000	
985	9.84000	1087.05346	3864.73060	200.81130	0.96042	-0.22643	-0.26634	1.00784	0.99998	-0.00471	0.00387	0.00465	0.99985	0.01678	-0.00395	-0.01676	0.99985		201.16426	101.26337	48.92838	0.01005	0.00049	0.00401	0.03524	1.00000	0.00007	-0.00001	-0.00007	1.00000	0.00018	0.00001	-0.00018	1.00000	
986	9.85000	1087.21063	3864.75944	200.62296	0.72253	0.09408	-0.47840	1.37026	0.99996	-0.00833	-0.00175	0.00835	0.99989	0.01260	0.00164	-0.01261	0.99992		201.16269	101.25085	48.93571	0.01350	0.00048	0.00383	0.03848	1.00000	0.00007	-0.00001	-0.00007	1.00000	0.00024	0.00001	-0.00024	1.00000	
987	9.86000	1087.31770	3864.88326	200.71260	0.57835	0.24439	-0.58366	1.44819	0.99994	-0.01014	-0.00437	0.01019	0.99990	0.01005	0.00427	-0.01009	0.99994		201.13719	101.26128	48.92668	0.00942	-0.00252	0.00051	0.03314	1.00000	0.00001	0.00004	-0.00001	1.00000	0.00016	-0.00004	-0.00016	1.00000	
988	9.87000	1087.33639	3864.89956	200.84584	0.49598	0.28057	-0.53358	1.44534	0.99994	-0.00927	-0.00498	0.00931	0.99992	0.00861	0.00490	-0.00866	0.99995		201.17193	101.26288	48.97803	0.01491	-0.00109	0.00309	0.02285	1.00000	0.00005	0.00002	-0.00005	1.00000	0.00026	-0.00002	-0.00026	1.00000	
989	9.88000	1087.32167	3864.82375	200.92799	0.74289	0.22442	-0.43126	1.33143	0.99996	-0.00748	-0.00401	0.00753	0.99989	0.01294	0.00392	-0.01297	0.99991		201.15565	101.25981	48.95404	0.01218	0.00244	0.00272	0.02494	1.00000	0.00005	-0.00004	-0.00005	1.00000	0.00021	0.00004	-0.00021	1.00000	
990	9.89000	1087.19682	3864.82538	200.89453	0.73529	-0.04253	-0.50016	1.40453	0.99996	-0.00874	0.00063	0.00873	0.99988	0.01284	-0.00074	-0.01283	0.99992		201.16184	101.25373	48.95866	0.01381	0.00233	0.00620	0.03175	1.00000	0.00011	-0.00004	-0.00011	1.00000	0.00024	0.00004	-0.00024	1.00000	
991	9.90000	1087.04494	3864.87619	200.91411	0.65892	0.01282	-0.44414	1.33411	0.99997	-0.00775	-0.00031	0.00775	0.99990	0.01150	0.00022	-0.01150	0.99993		201.16266	101.26385	48.96266	0.01025	-0.00162	0.00378	0.03182	1.00000	0.00007	0.00003	-0.00007	1.00000	0.00018	-0.00003	-0.00018	1.00000	
992	9.91000	1087.05446	3864.89563	200.88826	0.61721	0.21634	-0.53639	1.36160	0.99995	-0.00932	-0.00388	0.00936	0.99990	0.01074	0.00378	-0.01077	0.99993		201.14313	101.28028	48.97950	0.00488	0.00135	0.00640	0.02852	1.00000	0.00011	-0.00002	-0.00011	1.00000	0.00009	0.00002	-0.00009	1.00000	
993	9.92000	1087.03551	3864.85686	200.82879	0.63734	0.31645	-0.50399	1.37365	0.99995	-0.00873	-0.00562	0.00880	0.99990	0.01107	0.00552	-0.01112	0.99992		201.15881	101.27577	48.96773	0.01857	-0.00513	-0.00052	0.03293	1.00000	-0.00001	0.00009	0.00001	1.00000	0.00032	-0.00009	-0.00032	1.00000	
994	9.93000	1086.93008	3864.85560	200.75714	0.78162	0.15238	-0.48960	1.32991	0.99996	-0.00851	-0.00278	0.00855	0.99987	0.01362	0.00266	-0.01364	0.99990		201.15139	101.27102	48.95711	0.01621	-0.00017	-0.00031	0.03560	1.00000	-0.00001	0.00000	0.00001	1.00000	0.00028	-0.00000	-0.00028	1.00000	
995	9.94000	1086.81997	3864.88347	200.82622	0.70043	0.12584	-0.53170	1.33335	0.99995	-0.00925	-0.00231	0.00928	0.99988	0.01220	0.00220	-0.01222	0.99992		201.16137	101.28482	48.95363	0.01295	-0.00824	0.00282	0.02744	1.00000	0.00005	0.00014	-0.00005	1.00000	0.00023	-0.00014	-0.00023	1.00000	
996	9.95000	1086.81229	3865.01975	200.96800	0.53800	0.17210	-0.54392	1.31513	0.99995	-0.00946	-0.00309	0.00949	0.99991	0.00936	0.00300	-0.00939	0.99995		201.16199	101.24021	48.95042	0.00935	0.00485	0.00476	0.02699	1.00000	0.00008	-0.00008	-0.00008	1.00000	0.00016	0.00008	-0.00016	1.00000	
997	9.96000	1086.85078	3864.97422	200.99298	0.69084	0.05849	-0.51083	1.34980	0.99996	-0.00890	-0.00113	0.00892	0.99989	0.01205	0.00102	-0.01206	0.99993		201.15751	101.24467	48.95345	0.00938	0.00206	0.00015	0.01564	1.00000	0.00000	-0.00004	-0.00000	1.00000	0.00016	0.00004	-0.00016	1.00000	
998	9.97000	1086.90292	3864.92954	201.10361	0.70199	0.14950	-0.48558	1.38819	0.99996	-0.00844	-0.00271	0.00847	0.99989	0.01223	0.00261	-0.01225	0.99992		201.13563	101.24884	48.94087	0.01145	0.00161	0.00149	0.02800	1.00000	0.00003	-0.00003	-0.00003	1.00000	0.00020	0.00003	-0.00020	1.00000	
999	9.98000	1086.91914	3865.03753	201.12587	0.49680	0.31968	-0.46677	1.42588	0.99995	-0.00810	-0.00565	0.00815	0.99993	0.00862	0.00558	-0.00867	0.99995		201.14643	101.26966	48.94020	0.00164	0.00729	0.00044	0.02840	1.00000	0.00001	-0.00013	-0.00001	1.00000	0.00003	0.00013	-0.00003	1.00000	
1000	9.99000	1086.71388	3865.08410	201.37539	0.75575	0.15687	-0.19614	1.16047	0.99999	-0.00339	-0.00278	0.00342	0.99991	0.01318	0.00274	-0.01319	0.99991		201.15168	101.28941	48.95188	0.00851	0.00397	0.00296	0.02682	1.00000	0.00005	-0.00007	-0.00005	1.00000	0.00015	0.00007	-0.00015	1.00000	
1001	10.00000	1086.61782	3865.06718	201.07044	0.61671	0.23238	-0.52664	1.32037	0.99995	-0.00915	-0.00415	0.00919	0.99990	0.01073	0.00406	-0.01076	0.99993		201.16001	101.28548	48.95740	0.00577	-0.00111	0.00299	0.02357	1.00000	0.00005	0.00002	-0.00005	1.00000	0.00010	-0.00002	-0.00010	1.00000	
1002	10.01000	1086.39806	3865.02992	200.91510	0.76920	-0.04762	-0.55035	1.35751	0.99995	-0.00962	0.00070	0.00961	0.99986	0.01343	-0.00083	-0.01342	0.99991		201.17209	101.28957	48.98080	0.01167	0.00048	0.00275	0.01986	1.00000	0.00005	-0.00001	-0.00005	1.00000	0.00020	0.00001	-0.00020	1.00000	
1003	10.02000	1086.30059	3865.05081	200.83212	0.72736	0.11278	-0.52321	1.35401	0.99996	-0.00911	-0.00208	0.00913	0.99988	0.01268	0.00197	-0.01269	0.99992		201.15674	101.28682	48.97665	0.01144	0.00373	-0.00181	0.01493	1.00000	-0.00003	-0.00007	0.00003	1.00000	0.00020	0.00007	-0.00020	1.00000	
1004	10.03000	1086.26022	3865.11381	200.75450	0.52372	0.26888	-0.65689	1.39318	0.99992	-0.01142	-0.00480	0.01146	0.99989	0.00909	0.00469	-0.00914	0.99995		201.15545	101.24621	48.96886	0.00792	0.00031	0.00686	0.01155	1.00000	0.00012	-0.00001	-0.00012	1.00000	0.00014	0.00001	-0.00014	1.00000	
1005	10.04000	1086.24833	3865.17748	200.82687	0.48209	0.33671	-0.58790	1.41009	0.99993	-0.01021	-0.00596	0.01026	0.99991	0.00835	0.00588	-0.00841	0.99995		201.15840	101.22507	48.94496	0.00156	0.00221	0.00433	0.02767	1.00000	0.00008	-0.00004	-0.00008	1.00000	0.00003	0.00004	-0.00003	1.00000	
1006	10.05000	1086.23275	3865.14730	200.91169	0.77274	0.09801	-0.53956	1.33666	0.99995	-0.00939	-0.00184	0.00942	0.99986	0.01347	0.00171	-0.01349	0.99991		201.13507	101.23161	48.93439	0.00860	0.00011	0.00268	0.01255	1.00000	0.00005	-0.00000	-0.00005	1.00000	0.00015	0.00000	-0.00015	1.00000	
1007	10.06000	1086.27131	3865.19603	200.99663	0.64767	-0.04235	-0.55979	1.38790	0.99995	-0.00978	0.00063	0.00977	0.99989	0.01131	-0.00074	-0.01130	0.99994		201.15161	101.28595	48.96150	0.01634	0.00272	0.00234	0.02680	1.00000	0.00004	-0.00005	-0.00004	1.00000	0.00029	0.00005	-0.00029	1.00000	
1008	10.07000	1086.27473	3865.27248	201.22566	0.54339	0.23200	-0.49605	1.48501	0.99995	-0.00862	-0.00413	0.00866	0.99992	0.00945	0.00405	-0.00948	0.99995		201.15190	101.27114	48.96613	0.01646	-0.00385	0.00149	0.01984	1.00000	0.00003	0.00007	-0.00003	1.00000	0.00029	-0.00007	-0.00029	1.00000	
1009	10.08000	1086.37508	3865.30669	201.24392	0.54523	0.35831	-0.48328	1.34388	0.99994	-0.00837	-0.00633	0.00843	0.99992	0.00946	0.00625	-0.00952	0.99994		201.15907	101.29448	49.01933	0.01308	0.00102	0.00180	0.03148	1.00000	0.00003	-0.00002	-0.00003	1.00000	0.00023	0.00002	-0.00023	1.00000	
1010	10.09000	1086.08801	3865.27285	201.30307	0.85110	0.29247	-0.22529	1.11814	0.99998	-0.00386	-0.00516	0.00393	0.99988	0.01483	0.00510	-0.01485	0.99988		201.16044	101.27751	48.99636	0.01303	-0.00053	0.00461	0.02227	1.00000	0.00008	0.00001	-0.00008	1.00000	0.00023	-0.00001	-0.00023	1.00000	
1011	10.10000	1086.12358	3865.19667	200.81136	0.55667	0.15494	-0.69875	1.50503	0.99992	-0.01217	-0.00282	0.01220	0.99988	0.00968	0.00270	-0.00972	0.99995		201.14673	101.23905	48.96367	0.00122	0.00189	0.00277	0.01667	1.00000	0.00005	-0.00003	-0.00005	1.00000	0.00002	0.00003	-0.00002	1.00000	
1012	10.11000	1085.84555	3865.23810	200.72614	0.68295	-0.00021	-0.71875	1.31810	0.99992	-0.01254	-0.00015	0.01254	0.99985	0.01192	-0.00000	-0.01192	0.99993		201.13955	101.23672	48.95339	0.01391	0.00309	0.00210	0.02836	1.00000	0.00004	-0.00005	-0.00004	1.00000	0.00024	0.00005	-0.00024	1.00000	
1013	10.12000	1085.59431	3865.32845	200.72602	0.54044	0.09434	-0.65986	1.23243	0.99993	-0.01150	-0.00175	0.01152	0.99989	0.00941	0.00165	-0.00943	0.99995		201.14826	101.21629	48.92660	0.00668	0.00187	0.00394	0.01482	1.00000	0.00007	-0.00003	-0.00007	1.00000	0.00012	0.00003	-0.00012	1.00000	
1014	10.13000	1085.56212	3865.25625	200.77545	0.70481	0.16670	-0.64572	1.20344	0.99993	-0.01123	-0.00305	0.01127	0.99986	0.01227	0.00291	-0.01230	0.99992		201.13540	101.22788	48.95667	0.00539	-0.00117	0.00408	0.02022	1.00000	0.00007	0.00002	-0.00007	1.00000	0.00009	-0.00002	-0.00009	1.00000	
1015	10.14000	1085.79900	3865.24162	200.97591	0.71098	0.40105	-0.59682	1.43050	0.99992	-0.01033	-0.00713	0.01042	0.99987	0.01234	0.00700	-0.01241	0.99990		201.14044	101.26650	49.00482	0.00761	0.00062	0.00350	0.01481	1.00000	0.00006	-0.00001	-0.00006	1.00000	0.00013	0.00001	-0.00013	1.00000	
1016	10.15000	1085.75714	3865.34324	201.15576	0.72111	0.31995	-0.52396	1.33030	0.99994	-0.00907	-0.00570	0.00914	0.99988	0.01253	0.00558	-0.01259	0.99991		201.15494	101.29693	49.00477	0.00783	0.00455	0.00409	0.02319	1.00000	0.00007	-0.00008	-0.00007	1.00000	0.00014	0.00008	-0.00014	1.00000	
1017	10.16000	1085.76274	3865.41880	201.29689	0.62517	0.30139	-0.53260	1.29752	0.99994	-0.00924	-0.00536	0.00930	0.99990	0.01086	0.00526	-0.01091	0.99993		201.17545	101.30008	48.99240	0.01003	-0.00481	0.00184	0.03166	1.00000	0.00003	0.00008	-0.00003	1.00000	0.00018	-0.00008	-0.00018	1.00000	
1018	10.17000	1085.72011	3865.43423	201.28527	0.62476	0.28339	-0.48786	1.26784	0.99995	-0.00846	-0.00504	0.00851	0.99990	0.01086	0.00495	-0.01090	0.99993		201.17324	101.26955	48.95477	0.01237	-0.00347	0.00061	0.02056	1.00000	0.00001	0.00006	-0.00001	1.00000	0.00022	-0.00006	-0.00022	1.00000	
1019	10.18000	1085.51545	3865.40638	201.24979	0.66620	0.23188	-0.44065	1.24906	0.99996	-0.00764	-0.00414	0.00769	0.99990	0.01160	0.00405	-0.01163	0.99992		201.12261	101.23140	48.93549	0.01280	-0.00241	-0.00016	0.03053	1.00000	-0.00000	0.00004	0.00000	1.00000	0.00022	-0.00004	-0.00022	1.00000	
1020	10.19000	1085.28590	3865.39681	201.13342	0.90543	0.19417	-0.50796	1.18654	0.99995	-0.00881	-0.00353	0.00887	0.99984	0.01577	0.00339	-0.01580	0.99987		201.12145	101.21571	48.94329	0.01797	-0.00079	0.00092	0.02834	1.00000	0.00002	0.00001	-0.00002	1.00000	0.00031	-0.00001	-0.00031	1.00000	
1021	10.20000	1085.18187	3865.44830	201.07467	0.73325	0.52405	-0.62686	1.29335	0.99990	-0.01082	-0.00929	0.01094	0.99986	0.01270	0.00915	-0.01280	0.99988		201.13667	101.22047	48.92707	0.00892	-0.00216	0.00371	0.02784	1.00000	0.00006	0.00004	-0.00006	1.00000	0.00016	-0.00004	-0.00016	1.00000	
1022	10.21000	1084.96532	3865.54598	201.10974	0.77353	0.52699	-0.53581	1.18126	0.99991	-0.00923	-0.00932	0.00935	0.99987	0.01341	0.00920	-0.01350	0.99987		201.14392	101.23432	48.97122	0.01733	-0.00097	0.00297	0.03431	1.00000	0.00005	0.00002	-0.00005	1.00000	0.00030	-0.00002	-0.00030	1.00000	
1023	10.22000	1084.83602	3865.54191	201.11140	1.03902	0.14344	-0.43767	1.01029	0.99997	-0.00759	-0.00264	0.00764	0.99981	0.01811	0.00250	-0.01813	0.99983		201.16271	101.24331	48.95450	0.00947	0.00182	0.00133	0.02293	1.00000	0.00002	-0.00003	-0.00002	1.00000	0.00017	0.00003	-0.00017	1.00000	
1024	10.23000	1084.84804	3865.53831	201.02661	0.85991	0.29974	-0.60062	1.26566	0.99993	-0.01040	-0.00539	0.01048	0.99983	0.01495	0.00523	-0.01501	0.99987		201.15957	101.25630	48.95788	0.00925	0.00499	0.00110	0.02367	1.00000	0.00002	-0.00009	-0.00002	1.00000	0.00016	0.00009	-0.00016	1.00000	
1025	10.24000	1084.76320	3865.67339	201.28663	0.87599	-0.05458	-0.22272	1.06845	0.99999	-0.00390	0.00089	0.00389	0.99988	0.01529	-0.00095	-0.01529	0.99988		201.15274	101.27022	48.98151	0.00561	0.00239	0.00393	0.01157	1.00000	0.00007	-0.00004	-0.00007	1.00000	0.00010	0.00004	-0.00010	1.00000	
1026	10.25000	1084.83156	3865.70375	201.35566	0.74337	0.27624	-0.41192	1.17857	0.99996	-0.00713	-0.00491	0.00719	0.99989	0.01294	0.00482	-0.01297	0.99990		201.15318	101.27617	48.95055	0.01805	-0.00088	-0.00322	0.01861	1.00000	-0.00006	0.00002	0.00006	1.00000	0.00031	-0.00002	-0.00031	1.00000	
1027	10.26000	1084.87439	3865.68715	201.37560	0.74313	0.39130	-0.42994	1.22783	0.99995	-0.00741	-0.00693	0.00750	0.99989	0.01292	0.00683	-0.01297	0.99989		201.14463	101.23247	48.92837	0.00503	0.00657	0.00135	0.02253	1.00000	0.00002	-0.00011	-0.00002	1.00000	0.00009	0.00011	-0.00009	1.00000	
1028	10.27000	1084.49910	3865.68180	201.40183	1.03451	0.10927	-0.26806	1.07583	0.99999	-0.00464	-0.00199	0.00468	0.99983	0.01805	0.00191	-0.01805	0.99984		201.12764	101.23878	48.93890	0.01113	-0.00010	0.00360	0.02495	1.00000	0.00006	0.00000	-0.00006	1.00000	0.00019	-0.00000	-0.00019	1.00000	
1029	10.28000	1084.36890	3865.64518	201.29574	1.05816	-0.00871	-0.23330	1.03751	0.99999	-0.00407	0.00008	0.00407	0.99982	0.01847	-0.00015	-0.01847	0.99983		201.15505	101.22077	48.95556	0.00675	-0.00291	0.00098	0.01692	1.00000	0.00002	0.00005	-0.00002	1.00000	0.00012	-0.00005	-0.00012	1.00000	
1030	10.29000	1084.25077	3865.75801	201.09167	0.71811	0.12261	-0.49855	1.22460	0.99996	-0.00867	-0.00225	0.00870	0.99988	0.01251	0.00214	-0.01253	0.99992		201.16869	101.26215	48.95706	0.02311	-0.00361	0.00412	0.03839	1.00000	0.00007	0.00006	-0.00007	1.00000	0.00040	-0.00006	-0.00040	1.00000	
1031	10.30000	1084.09228	3865.78000	201.24102	0.86791	0.18773	-0.31544	1.01534	0.99998	-0.00546	-0.00336	0.00551	0.99987	0.01513	0.00328	-0.01515	0.99988		201.16991	101.27437	48.98595	0.01212	-0.00228	0.00464	0.02676	1.00000	0.00008	0.00004	-0.00008	1.00000	0.00021	-0.00004	-0.00021	1.00000	
1032	10.31000	1083.97175	3865.70049	201.05157	0.71772	0.44459	-0.47817	1.22224	0.99994	-0.00825	-0.00786	0.00835	0.99989	0.01246	0.00776	-0.01253	0.99989		201.16597	101.30482	48.99279	0.01856	-0.00102	0.00272	0.03913	1.00000	0.00005	0.00002	-0.00005	1.00000	0.00032	-0.00002	-0.00032	1.00000	
1033	10.32000	1083.89054	3865.74731	201.01250	0.73663	0.47897	-0.43645	1.30711	0.99994	-0.00751	-0.00846	0.00762	0.99989	0.01279	0.00836	-0.01286	0.99988		201.15838	101.26007	48.96856	0.00782	0.00082	0.00296	0.02381	1.00000	0.00005	-0.00001	-0.00005	1.00000	0.00014	0.00001	-0.00014	1.00000	
1034	10.33000	1083.74814	3865.77656	200.94917	0.72605	0.03761	-0.50322	1.24258	0.99996	-0.00877	-0.00077	0.00878	0.99988	0.01267	0.00066	-0.01267	0.99992		201.15743	101.23523	48.94963	0.00141	-0.00013	0.00191	0.02622	1.00000	0.00003	0.00000	-0.00003	1.00000	0.00002	-0.00000	-0.00002	1.00000	
1035	10.34000	1083.79897	3865.88738	201.06116	0.49400	0.12205	-0.43419	1.34170	0.99997	-0.00756	-0.00220	0.00758	0.99993	0.00861	0.00213	-0.00862	0.99996		201.14410	101.22492	48.94405	0.01309	-0.00206	0.00358	0.02484	1.00000	0.00006	0.00004	-0.00006	1.00000	0.00023	-0.00004	-0.00023	1.00000	
1036	10.35000	1083.68570	3865.96905	201.24069	0.51642	0.06106	-0.53606	1.36014	0.99996	-0.00935	-0.00115	0.00936	0.99992	0.00900	0.00107	-0.00901	0.99996		201.14764	101.25173	48.95972	0.00943	0.00214	0.00118	0.01528	1.00000	0.00002	-0.00004	-0.00002	1.00000	0.00016	0.00004	-0.00016	1.00000	
1037	10.36000	1083.67006	3865.94627	201.32841	0.64425	0.32847	-0.46353	1.39595	0.99995	-0.00803	-0.00582	0.00809	0.99990	0.01120	0.00573	-0.01124	0.99992		201.16012	101.26745	48.96292	0.01095	0.00317	0.00084	0.03749	1.00000	0.00001	-0.00006	-0.00001	1.00000	0.00019	0.00006	-0.00019	1.00000	
1038	10.37000	1083.61834	3865.86185	201.34587	0.86360	0.42498	-0.44535	1.40115	0.99994	-0.00766	-0.00753	0.00777	0.99986	0.01501	0.00742	-0.01507	0.99986		201.16508	101.25854	48.98978	0.00749	0.00749	-0.00306	0.01916	1.00000	-0.00005	-0.00013	0.00005	1.00000	0.00013	0.00013	-0.00013	1.00000	
1039	10.38000	1083.27025	3866.04325	201.07084	0.56399	0.23490	-0.58775	1.44084	0.99994	-0.01022	-0.00420	0.01026	0.99990	0.00980	0.00410	-0.00984	0.99994		201.17079	101.28878	48.96293	0.01499	-0.00165	0.00246	0.02161	1.00000	0.00004	0.00003	-0.00004	1.00000	0.00026	-0.00003	-0.00026	1.00000	
1040	10.39000	1082.89427	3866.07677	201.14644	0.70366	0.01183	-0.31264	1.11046	0.99999	-0.00545	-0.00027	0.00546	0.99991	0.01228	0.00021	-0.01228	0.99992		201.15792	101.25900	48.92071	0.01525	-0.00171	0.00380	0.01722	1.00000	0.00007	0.00003	-0.00007	1.00000	0.00027	-0.00003	-0.00027	1.00000	
1041	10.40000	1082.85596	3866.00550	200.85230	0.69993	0.24016	-0.66243	1.38006	0.99992	-0.01151	-0.00433	0.01156	0.99986	0.01217	0.00419	-0.01222	0.99992		201.12901	101.23010	48.91670	0.00538	0.00284	-0.00020	0.02368	1.00000	-0.00000	-0.00005	0.00000	1.00000	0.00009	0.00005	-0.00009	1.00000	
1042	10.41000	1082.70167	3866.03972	200.95696	0.74749	0.23139	-0.59899	1.34944	0.99994	-0.01040	-0.00417	0.01045	0.99986	0.01300	0.00404	-0.01305	0.99991		201.16665	101.25108	48.94387	0.00728	0.00258	0.00296	0.03554	1.00000	0.00005	-0.00005	-0.00005	1.00000	0.00013	0.00005	-0.00013	1.00000	
1043	10.42000	1082.53582	3866.07028	201.23450	1.01039	0.07418	-0.36566	1.07137	0.99998	-0.00636	-0.00141	0.00638	0.99982	0.01763	0.00129	-0.01763	0.99984		201.16152	101.24522	48.95638	0.00653	0.00192	0.00313	0.02346	1.00000	0.00005	-0.00003	-0.00005	1.00000	0.00011	0.00003	-0.00011	1.00000	
1044	10.43000	1082.69153	3866.08390	201.13814	0.65969	0.36339	-0.55383	1.40990	0.99993	-0.00959	-0.00645	0.00967	0.99989	0.01145	0.00634	-0.01151	0.99991		201.16063	101.23002	48.99936	0.01013	0.00487	0.00649	0.02090	1.00000	0.00011	-0.00008	-0.00011	1.00000	0.00018	0.00008	-0.00018	1.00000	
1045	10.44000	1082.67278	3866.21719	201.30147	0.67946	0.42584	-0.62591	1.48151	0.99991	-0.01084	-0.00756	0.01092	0.99987	0.01178	0.00743	-0.01186	0.99990		201.19737	101.24944	48.97446	0.01308	-0.00211	0.00274	0.02007	1.00000	0.00005	0.00004	-0.00005	1.00000	0.00023	-0.00004	-0.00023	1.00000	
1046	10.45000	1082.55901	3866.26336	201.33659	0.63297	0.40287	-0.67687	1.51161	0.99991	-0.01173	-0.00716	0.01181	0.99987	0.01096	0.00703	-0.01105	0.99991		201.17832	101.27841	48.96446	0.00450	0.00303	0.00530	0.02534	1.00000	0.00009	-0.00005	-0.00009	1.00000	0.00008	0.00005	-0.00008	1.00000	
1047	10.46000	1082.36231	3866.18584	201.32034	0.72475	0.28353	-0.67815	1.47845	0.99992	-0.01177	-0.00510	0.01184	0.99985	0.01259	0.00495	-0.01265	0.99991		201.15381	101.25739	48.95079	0.00552	0.00176	0.00089	0.02255	1.00000	0.00002	-0.00003	-0.00002	1.00000	0.00010	0.00003	-0.00010	1.00000	
1048	10.47000	1081.95453	3866.25912	201.41377	0.91759	0.26880	-0.47104	1.24063	0.99996	-0.00814	-0.00482	0.00822	0.99984	0.01598	0.00469	-0.01601	0.99986		201.14075	101.27483	48.96093	0.01064	0.00314	0.00012	0.01982	1.00000	0.00000	-0.00005	-0.00000	1.00000	0.00019	0.00005	-0.00019	1.00000	
1049	10.48000	1082.01893	3866.39776	201.29798	0.57976	0.50337	-0.61413	1.34546	0.99990	-0.01063	-0.00889	0.01072	0.99989	0.01002	0.00879	-0.01012	0.99991		201.15824	101.24659	48.95823	0.00819	-0.00236	0.00223	0.03737	1.00000	0.00004	0.00004	-0.00004	1.00000	0.00014	-0.00004	-0.00014	1.00000	
1050	10.49000	1081.96693	3866.37063	201.33851	0.68734	0.56716	-0.65207	1.37466	0.99989	-0.01126	-0.01003	0.01138	0.99986	0.01188	0.00990	-0.01200	0.99988		201.17361	101.22686	48.96106	0.00925	0.00406	0.00370	0.02496	1.00000	0.00006	-0.00007	-0.00006	1.00000	0.00016	0.00007	-0.00016	1.00000	
1051	10.50000	1081.95038	3866.38949	201.38610	0.70052	0.57741	-0.73651	1.38232	0.99987	-0.01273	-0.01023	0.01285	0.99984	0.01210	0.01008	-0.01223	0.99987		201.15918	101.23597	48.93999	0.01708	-0.00175	0.00272	0.01940	1.00000	0.00005	0.00003	-0.00005	1.00000	0.00030	-0.00003	-0.00030	1.00000	
1052	10.51000	1081.88412	3866.40735	201.53199	0.79709	0.49856	-0.76463	1.38297	0.99987	-0.01322	-0.00889	0.01334	0.99982	0.01379	0.00870	-0.01391	0.99987		201.16377	101.25309	48.96508	0.01522	0.00021	0.00163	0.02678	1.00000	0.00003	-0.00000	-0.00003	1.00000	0.00027	0.00000	-0.00027	1.00000	
1053	10.52000	1081.90010	3866.46612	201.57688	0.70492	0.41674	-0.71800	1.39928	0.99990	-0.01244	-0.00743	0.01253	0.99985	0.01221	0.00727	-0.01230	0.99990		201.16136	101.28756	48.99050	0.01674	-0.00136	0.00348	0.02176	1.00000	0.00006	0.00002	-0.00006	1.00000	0.00029	-0.00002	-0.00029	1.00000	
1054	10.53000	1081.85294	3866.70809	201.83465	0.63902	0.39240	-0.60569	1.27055	0.99992	-0.01049	-0.00697	0.01057	0.99988	0.01108	0.00685	-0.01115	0.99991		201.15485	101.27044	48.98679	0.01843	-0.00274	0.00340	0.02063	1.00000	0.00006	0.00005	-0.00006	1.00000	0.00032	-0.00005	-0.00032	1.00000	
1055	10.54000	1081.91467	3866.87932	201.94018	0.48733	0.49269	-0.67829	1.29553	0.99989	-0.01176	-0.00870	0.01184	0.99989	0.00840	0.00860	-0.00851	0.99993		201.13207	101.27683	48.98104	0.00748	0.00386	0.00075	0.02586	1.00000	0.00001	-0.00007	-0.00001	1.00000	0.00013	0.00007	-0.00013	1.00000	
1056	10.55000	1081.93075	3866.75804	202.04747	0.70242	0.55967	-0.59083	1.21367	0.99990	-0.01019	-0.00989	0.01031	0.99987	0.01216	0.00977	-0.01226	0.99988		201.14664	101.23864	48.98092	0.00540	-0.00154	-0.00141	0.03650	1.00000	-0.00002	0.00003	0.00002	1.00000	0.00009	-0.00003	-0.00009	1.00000	
1057	10.56000	1081.86430	3866.86808	201.99186	0.59376	0.62626	-0.70998	1.29219	0.99986	-0.01228	-0.01106	0.01239	0.99987	0.01023	0.01093	-0.01036	0.99989		201.14822	101.26936	48.97374	0.00572	0.00284	0.00051	0.02288	1.00000	0.00001	-0.00005	-0.00001	1.00000	0.00010	0.00005	-0.00010	1.00000	
1058	10.57000	1081.64929	3867.06200	201.99538	0.47970	0.48087	-0.68267	1.30939	0.99989	-0.01184	-0.00849	0.01191	0.99989	0.00827	0.00839	-0.00837	0.99993		201.18325	101.24652	48.97002	0.00305	0.00050	0.00354	0.01831	1.00000	0.00006	-0.00001	-0.00006	1.00000	0.00005	0.00001	-0.00005	1.00000	
1059	10.58000	1081.48094	3867.07816	202.03398	0.53942	0.64102	-0.62075	1.19088	0.99988	-0.01073	-0.01129	0.01083	0.99990	0.00929	0.01119	-0.00941	0.99989		201.15428	101.24213	48.93143	0.01149	-0.00081	-0.00040	0.02248	1.00000	-0.00001	0.00001	0.00001	1.00000	0.00020	-0.00001	-0.00020	1.00000	
1060	10.59000	1081.44261	3867.16577	202.17836	0.55274	0.60891	-0.67759	1.19012	0.99987	-0.01172	-0.01074	0.01183	0.99988	0.00952	0.01063	-0.00965	0.99990		201.14202	101.24156	48.94835	0.00698	0.00177	0.00238	0.02612	1.00000	0.00004	-0.00003	-0.00004	1.00000	0.00012	0.00003	-0.00012	1.00000	
1061	10.60000	1081.43512	3867.27406	202.31335	0.56231	0.56019	-0.66590	1.12677	0.99988	-0.01153	-0.00989	0.01162	0.99989	0.00970	0.00978	-0.00981	0.99990		201.14863	101.23402	48.95395	0.00263	0.00366	0.00501	0.02544	1.00000	0.00009	-0.00006	-0.00009	1.00000	0.00005	0.00006	-0.00005	1.00000	
1062	10.61000	1081.58486	3867.28492	202.52244	0.54337	0.65780	-0.60850	1.18942	0.99988	-0.01051	-0.01158	0.01062	0.99990	0.00936	0.01148	-0.00948	0.99989		201.14258	101.27554	48.97943	0.00578	0.00052	0.00282	0.02519	1.00000	0.00005	-0.00001	-0.00005	1.00000	0.00010	0.00001	-0.00010	1.00000	
1063	10.62000	1081.71259	3867.45954	202.75752	0.41628	0.88930	-0.64724	1.28285	0.99982	-0.01118	-0.01560	0.01129	0.99991	0.00709	0.01552	-0.00726	0.99985		201.16227	101.29464	48.98691	0.00777	-0.00354	0.00505	0.03033	1.00000	0.00009	0.00006	-0.00009	1.00000	0.00014	-0.00006	-0.00014	1.00000	
1064	10.63000	1081.64404	3867.61510	203.01732	0.33911	1.02043	-0.52911	1.27000	0.99980	-0.00913	-0.01786	0.00923	0.99994	0.00575	0.01781	-0.00592	0.99982		201.15581	101.29735	49.01428	0.01221	-0.00124	0.00306	0.02817	1.00000	0.00005	0.00002	-0.00005	1.00000	0.00021	-0.00002	-0.00021	1.00000	
1065	10.64000	1081.71854	3867.69157	203.11415	0.20328	0.65297	-0.61881	1.24272	0.99988	-0.01076	-0.01143	0.01080	0.99994	0.00342	0.01140	-0.00355	0.99993		201.15284	101.28099	48.97363	0.01542	0.00169	-0.00011	0.02561	1.00000	-0.00000	-0.00003	0.00000	1.00000	0.00027	0.00003	-0.00027	1.00000	
1066	10.65000	1081.60525	3867.66772	203.29514	0.60542	0.92441	-0.60680	1.19023	0.99981	-0.01042	-0.01624	0.01059	0.99989	0.01039	0.01613	-0.01056	0.99981		201.14905	101.26930	48.94864	0.00699	0.00185	-0.00052	0.03051	1.00000	-0.00001	-0.00003	0.00001	1.00000	0.00012	0.00003	-0.00012	1.00000	
1067	10.66000	1081.63403	3867.81551	203.28367	0.43572	0.76987	-0.55483	1.22020	0.99986	-0.00958	-0.01351	0.00968	0.99993	0.00747	0.01344	-0.00760	0.99988		201.13152	101.24186	48.90825	0.00103	0.00310	0.00092	0.02551	1.00000	0.00002	-0.00005	-0.00002	1.00000	0.00002	0.00005	-0.00002	1.00000	
1068	10.67000	1081.53573	3867.90148	203.34897	0.39165	0.86066	-0.58707	1.13963	0.99983	-0.01014	-0.01509	0.01024	0.99993	0.00668	0.01502	-0.00683	0.99986		201.14540	101.25043	48.94198	0.01432	-0.00432	0.00122	0.02399	1.00000	0.00002	0.00008	-0.00002	1.00000	0.00025	-0.00008	-0.00025	1.00000	
1069	10.68000	1081.54420	3867.93828	203.47378	0.33239	0.99351	-0.56341	1.19593	0.99980	-0.00973	-0.01740	0.00983	0.99994	0.00563	0.01734	-0.00580	0.99983		201.15827	101.24728	48.98531	0.01025	0.00254	0.00015	0.02223	1.00000	0.00000	-0.00004	-0.00000	1.00000	0.00018	0.00004	-0.00018	1.00000	
1070	10.69000	1081.70526	3868.07071	203.65921	0.37150	1.08737	-0.62756	1.24902	0.99976	-0.01083	-0.01905	0.01095	0.99992	0.00628	0.01898	-0.00648	0.99980		201.14950	101.26547	48.98820	0.01286	-0.00086	0.00024	0.02552	1.00000	0.00000	0.00002	-0.00000	1.00000	0.00022	-0.00002	-0.00022	1.00000	
1071	10.70000	1081.71681	3868.09685	203.80714	0.42172	1.21092	-0.48446	1.15140	0.99974	-0.00830	-0.02119	0.00845	0.99994	0.00718	0.02113	-0.00736	0.99975		201.16766	101.28276	48.99143	0.00069	0.00508	0.00306	0.02745	1.00000	0.00005	-0.00009	-0.00005	1.00000	0.00001	0.00009	-0.00001	1.00000	
1072	10.71000	1081.81762	3868.15950	203.96677	0.60161	0.97897	-0.51385	1.17504	0.99981	-0.00879	-0.01718	0.00897	0.99991	0.01035	0.01709	-0.01050	0.99980		201.17773	101.27870	48.97821	0.00783	-0.00142	0.00501	0.02014	1.00000	0.00009	0.00002	-0.00009	1.00000	0.00014	-0.00002	-0.00014	1.00000	
1073	10.72000	1081.87337	3868.24874	204.04149	0.56664	0.91825	-0.34825	1.11875	0.99985	-0.00592	-0.01608	0.00608	0.99993	0.00979	0.01603	-0.00989	0.99982		201.15400	101.27086	48.94879	0.00229	0.00081	0.00220	0.01886	1.00000	0.00004	-0.00001	-0.00004	1.00000	0.00004	0.00001	-0.00004	1.00000	
1074	10.73000	1081.94451	3868.47403	204.10383	0.38827	1.03068	-0.55958	1.24915	0.99979	-0.00964	-0.01805	0.00976	0.99993	0.00660	0.01799	-0.00678	0.99982		201.13623	101.24537	48.94760	0.00685	0.00200	0.00413	0.02810	1.00000	0.00007	-0.00003	-0.00007	1.00000	0.00012	0.00003	-0.00012	1.00000	
1075	10.74000	1081.96089	3868.42075	204.22762	0.38701	1.24849	-0.38962	1.17851	0.99974	-0.00665	-0.02183	0.00680	0.99996	0.00661	0.02179	-0.00675	0.99974		201.14239	101.25804	48.94977	0.00956	-0.00151	0.00133	0.03371	1.00000	0.00002	0.00003	-0.00002	1.00000	0.00017	-0.00003	-0.00017	1.00000	
1076	10.75000	1082.05583	3868.37428	204.29126	0.41905	1.35514	-0.45323	1.26953	0.99969	-0.00774	-0.02371	0.00791	0.99994	0.00713	0.02365	-0.00731	0.99969		201.14387	101.24848	48.93521	0.00828	-0.00091	-0.00252	0.01697	1.00000	-0.00004	0.00002	0.00004	1.00000	0.00014	-0.00002	-0.00014	1.00000	
1077	10.76000	1082.09093	3868.52395	204.33528	0.38640	1.27022	-0.52937	1.38075	0.99971	-0.00909	-0.02223	0.00924	0.99994	0.00654	0.02217	-0.00674	0.99973		201.15072	101.24962	48.95939	0.00628	0.00142	0.00191	0.02030	1.00000	0.00003	-0.00002	-0.00003	1.00000	0.00011	0.00002	-0.00011	1.00000	
1078	10.77000	1081.98141	3868.56375	204.38437	0.41811	1.10457	-0.53813	1.33462	0.99977	-0.00925	-0.01934	0.00939	0.99993	0.00712	0.01928	-0.00730	0.99979		201.15201	101.29758	48.96711	0.00728	-0.00247	0.00070	0.03180	1.00000	0.00001	0.00004	-0.00001	1.00000	0.00013	-0.00004	-0.00013	1.00000	
1079	10.78000	1082.06512	3868.65311	204.43691	0.32495	1.12439	-0.55862	1.32008	0.99976	-0.00964	-0.01968	0.00975	0.99994	0.00548	0.01962	-0.00567	0.99979		201.16026	101.28537	48.95178	0.00664	0.00916	-0.00002	0.03389	1.00000	-0.00000	-0.00016	0.00000	1.00000	0.00012	0.00016	-0.00012	1.00000	
1080	10.79000	1082.22624	3868.79276	204.68965	0.22888	1.17831	-0.57630	1.35086	0.99974	-0.00998	-0.02060	0.01006	0.99994	0.00379	0.02056	-0.00399	0.99978		201.15822	101.28171	48.96830	0.00925	-0.00400	-0.00047	0.02353	1.00000	-0.00001	0.00007	0.00001	1.00000	0.00016	-0.00007	-0.00016	1.00000	
1081	10.80000	1082.48734	3868.85316	204.69118	0.15328	1.42780	-0.62904	1.40740	0.99963	-0.01091	-0.02494	0.01098	0.99994	0.00240	0.02492	-0.00267	0.99969		201.14102	101.25184	48.94549	0.00550	0.00189	-0.00184	0.02652	1.00000	-0.00003	-0.00003	0.00003	1.00000	0.00010	0.00003	-0.00010	1.00000	
1082	10.81000	1082.54252	3868.80654	204.91978	0.25816	1.42707	-0.45703	1.44333	0.99966	-0.00786	-0.02494	0.00797	0.99996	0.00431	0.02490	-0.00450	0.99968		201.12735	101.23637	48.94545	0.00787	0.00580	0.00285	0.01952	1.00000	0.00005	-0.00010	-0.00005	1.00000	0.00014	0.00010	-0.00014	1.00000	
1083	10.82000	1082.69199	3869.03083	205.04327	0.08638	1.46752	-0.49832	1.37874	0.99963	-0.00866	-0.02562	0.00869	0.99996	0.00128	0.02561	-0.00151	0.99967		201.13580	101.24357	48.95303	0.01524	0.00045	0.00081	0.02736	1.00000	0.00001	-0.00001	-0.00001	1.00000	0.00027	0.00001	-0.00027	1.00000	
1084	10.83000	1082.55009	3869.19344	205.14113	0.03426	1.24340	-0.57014	1.37647	0.99972	-0.00994	-0.02170	0.00995	0.99995	0.00038	0.02170	-0.00060	0.99976		201.14357	101.25553	48.96992	0.01005	0.00478	-0.00048	0.02670	1.00000	-0.00001	-0.00008	0.00001	1.00000	0.00018	0.00008	-0.00018	1.00000	
1085	10.84000	1082.64783	3869.29273	205.23413	0.04871	1.28489	-0.68684	1.40885	0.99968	-0.01197	-0.02243	0.01198	0.99993	0.00058	0.02242	-0.00085	0.99975		201.17182	101.27805	48.96884	0.01019	0.00113	0.00057	0.03483	1.00000	0.00001	-0.00002	-0.00001	1.00000	0.00018	0.00002	-0.00018	1.00000	
1086	10.85000	1082.69102	3869.32187	205.44902	0.08461	1.40600	-0.67334	1.39142	0.99963	-0.01172	-0.02455	0.01175	0.99993	0.00119	0.02454	-0.00148	0.99970		201.16451	101.28240	48.98225	0.02009	-0.00084	0.00288	0.02080	1.00000	0.00005	0.00001	-0.00005	1.00000	0.00035	-0.00001	-0.00035	1.00000	
1087	10.86000	1082.67445	3869.54024	205.60087	0.04381	1.42051	-0.68177	1.31272	0.99962	-0.01188	-0.02480	0.01190	0.99993	0.00047	0.02479	-0.00076	0.99969		201.17533	101.28465	48.93518	0.00629	-0.00221	0.00343	0.03639	1.00000	0.00006	0.00004	-0.00006	1.00000	0.00011	-0.00004	-0.00011	1.00000	
1088	10.87000	1082.69175	3869.63284	205.70716	0.03453	1.37343	-0.55449	1.38507	0.99967	-0.00966	-0.02397	0.00967	0.99995	0.00037	0.02397	-0.00060	0.99971		201.12829	101.22235	48.93601	0.01034	0.00291	0.00113	0.04019	1.00000	0.00002	-0.00005	-0.00002	1.00000	0.00018	0.00005	-0.00018	1.00000	
1089	10.88000	1083.09531	3869.80096	205.95153	-0.30559	1.56214	-0.44897	1.37256	0.99960	-0.00798	-0.02722	0.00783	0.99995	-0.00555	0.02726	0.00533	0.99961		201.12935	101.23973	48.93152	0.01136	-0.00466	0.00323	0.02203	1.00000	0.00006	0.00008	-0.00006	1.00000	0.00020	-0.00008	-0.00020	1.00000	
1090	10.89000	1083.22013	3870.06263	206.22740	-0.34209	1.71720	-0.44444	1.31163	0.99952	-0.00794	-0.02992	0.00775	0.99995	-0.00620	0.02997	0.00597	0.99953		201.14020	101.22704	48.93093	0.01001	0.00533	0.00341	0.02222	1.00000	0.00006	-0.00009	-0.00006	1.00000	0.00017	0.00009	-0.00017	1.00000	
1091	10.90000	1083.29837	3870.13575	206.49229	-0.17699	1.61247	-0.50114	1.37040	0.99957	-0.00883	-0.02811	0.00874	0.99996	-0.00334	0.02814	0.00309	0.99960		201.14625	101.23503	48.96303	0.00415	-0.00141	0.00437	0.03027	1.00000	0.00008	0.00002	-0.00008	1.00000	0.00007	-0.00002	-0.00007	1.00000	
1092	10.91000	1083.31116	3870.17804	206.59512	-0.09209	1.89485	-0.43324	1.35804	0.99942	-0.00761	-0.03305	0.00756	0.99997	-0.00186	0.03307	0.00161	0.99945		201.14966	101.28899	48.97117	0.01249	0.00127	0.00106	0.03489	1.00000	0.00002	-0.00002	-0.00002	1.00000	0.00022	0.00002	-0.00022	1.00000	
1093	10.92000	1083.38763	3870.41888	206.77402	0.00880	1.72812	-0.42198	1.39578	0.99952	-0.00736	-0.03016	0.00736	0.99997	-0.00007	0.03016	-0.00015	0.99955		201.16202	101.28502	48.95577	0.01244	-0.00055	0.00071	0.02661	1.00000	0.00001	0.00001	-0.00001	1.00000	0.00022	-0.00001	-0.00022	1.00000	
1094	10.93000	1083.51966	3870.67257	206.79388	-0.26279	1.82726	-0.63003	1.50301	0.99943	-0.01114	-0.03183	0.01099	0.99993	-0.00494	0.03189	0.00458	0.99948		201.15043	101.29033	48.96112	0.01058	-0.00208	0.00354	0.02919	1.00000	0.00006	0.00004	-0.00006	1.00000	0.00018	-0.00004	-0.00018	1.00000	
1095	10.94000	1083.63258	3870.89631	206.97606	-0.41304	1.93484	-0.52761	1.45167	0.99939	-0.00945	-0.03369	0.00920	0.99993	-0.00752	0.03376	0.00720	0.99940		201.12636	101.25875	48.94612	0.01326	-0.00115	0.00096	0.02510	1.00000	0.00002	0.00002	-0.00002	1.00000	0.00023	-0.00002	-0.00023	1.00000	
1096	10.95000	1083.72864	3871.04818	207.19311	-0.26682	2.09704	-0.47114	1.34785	0.99930	-0.00839	-0.03655	0.00822	0.99995	-0.00496	0.03659	0.00465	0.99932		201.14415	101.22771	48.92515	0.01133	-0.00268	0.00526	0.02464	1.00000	0.00009	0.00005	-0.00009	1.00000	0.00020	-0.00005	-0.00020	1.00000	
1097	10.96000	1083.93415	3871.24423	207.45557	-0.19269	2.17354	-0.51558	1.37785	0.99924	-0.00913	-0.03789	0.00899	0.99995	-0.00370	0.03793	0.00336	0.99927		201.13726	101.21983	48.93112	0.01315	-0.00097	0.00362	0.02650	1.00000	0.00006	0.00002	-0.00006	1.00000	0.00023	-0.00002	-0.00023	1.00000	
1098	10.97000	1084.09850	3871.59243	207.70610	-0.22146	2.02252	-0.50119	1.45014	0.99934	-0.00888	-0.03526	0.00874	0.99995	-0.00417	0.03529	0.00386	0.99937		201.14912	101.23819	48.92653	0.00487	-0.00014	0.00243	0.03227	1.00000	0.00004	0.00000	-0.00004	1.00000	0.00008	-0.00000	-0.00008	1.00000	
1099	10.98000	1084.20073	3871.79688	207.95102	-0.16560	1.74904	-0.48643	1.39559	0.99950	-0.00858	-0.03050	0.00849	0.99996	-0.00315	0.03052	0.00289	0.99953		201.17419	101.27065	48.96293	0.00871	0.00333	0.00206	0.02644	1.00000	0.00004	-0.00006	-0.00004	1.00000	0.00015	0.00006	-0.00015	1.00000	
1100	10.99000	1084.37482	3872.11083	208.19650	-0.21977	2.03767	-0.43032	1.31521	0.99934	-0.00765	-0.03553	0.00751	0.99996	-0.00410	0.03556	0.00383	0.99936		201.16488	101.25979	48.96096	0.01594	-0.00134	-0.00082	0.02200	1.00000	-0.00001	0.00002	0.00001	1.00000	0.00028	-0.00002	-0.00028	1.00000	
1101	11.00000	1084.65896	3872.39544	208.45268	-0.33849	2.07036	-0.40714	1.32475	0.99932	-0.00732	-0.03608	0.00710	0.99996	-0.00616	0.03613	0.00590	0.99933		201.14645	101.27354	48.99231	0.00425	0.00713	0.00307	0.01726	1.00000	0.00005	-0.00012	-0.00005	1.00000	0.00007	0.00012	-0.00007	1.00000	
1102	11.01000	1084.83935	3872.51977	208.43275	-0.24571	2.20295	-0.42215	1.37804	0.99923	-0.00753	-0.03841	0.00736	0.99996	-0.00457	0.03844	0.00429	0.99925		201.12845	101.26325	48.96669	-0.00249	0.00931	0.00131	0.03035	1.00000	0.00002	-0.00016	-0.00002	1.00000	-0.00004	0.00016	0.00004	1.00000	
1103	11.02000	1084.88520	3872.76545	208.74748	0.19244	2.13194	-0.25036	1.14707	0.99930	-0.00424	-0.03721	0.00437	0.99999	0.00320	0.03720	-0.00336	0.99930		201.12956	101.24803	48.96474	0.00247	0.00078	0.00458	0.03488	1.00000	0.00008	-0.00001	-0.00008	1.00000	0.00004	0.00001	-0.00004	1.00000	
1104	11.03000	1085.02970	3873.12545	208.73034	-0.26068	2.24587	-0.40860	1.31386	0.99921	-0.00731	-0.03915	0.00713	0.99996	-0.00483	0.03919	0.00455	0.99922		201.14392	101.25431	48.94684	0.02143	-0.00341	0.00595	0.03074	1.00000	0.00010	0.00006	-0.00010	1.00000	0.00037	-0.00006	-0.00037	1.00000	
1105	11.04000	1085.13207	3873.42534	208.98595	-0.33792	2.06400	-0.50446	1.39564	0.99931	-0.00902	-0.03596	0.00880	0.99994	-0.00621	0.03602	0.00589	0.99933		201.16535	101.25231	48.97630	0.00629	0.00340	0.00145	0.01958	1.00000	0.00003	-0.00006	-0.00003	1.00000	0.00011	0.00006	-0.00011	1.00000	
1106	11.05000	1085.41553	3873.69923	209.32642	-0.32197	2.37098	-0.43098	1.40118	0.99912	-0.00775	-0.04133	0.00752	0.99995	-0.00593	0.04137	0.00561	0.99913		201.14651	101.24795	48.94207	0.01319	-0.00248	0.00292	0.02002	1.00000	0.00005	0.00004	-0.00005	1.00000	0.00023	-0.00004	-0.00023	1.00000	
1107	11.06000	1085.87984	3874.03015	209.58556	-0.23486	2.30148	-0.54277	1.53784	0.99915	-0.00964	-0.04012	0.00947	0.99995	-0.00448	0.04016	0.00410	0.99918		201.16904	101.24697	48.97317	0.00615	-0.00108	-0.00112	0.02534	1.00000	-0.00002	0.00002	0.00002	1.00000	0.00011	-0.00002	-0.00011	1.00000	
1108	11.07000	1086.21738	3874.37719	209.84961	-0.28599	2.46003	-0.50396	1.57535	0.99904	-0.00901	-0.04288	0.00879	0.99995	-0.00537	0.04292	0.00499	0.99907		201.14414	101.24346	48.94914	0.01111	-0.00237	0.00342	0.01821	1.00000	0.00006	0.00004	-0.00006	1.00000	0.00019	-0.00004	-0.00019	1.00000	
1109	11.08000	1086.56080	3874.82480	210.16158	-0.47783	2.54288	-0.41200	1.56528	0.99899	-0.00756	-0.04430	0.00718	0.99994	-0.00866	0.04437	0.00833	0.99898		201.13552	101.23821	48.96773	0.02100	-0.00594	-0.00250	0.02578	1.00000	-0.00004	0.00010	0.00004	1.00000	0.00037	-0.00010	-0.00037	1.00000	
1110	11.09000	1086.74523	3875.22806	210.37422	-0.48652	2.58347	-0.50134	1.57102	0.99895	-0.00913	-0.04500	0.00874	0.99992	-0.00889	0.04507	0.00848	0.99895		201.15569	101.25927	48.99016	0.00758	0.00162	0.00072	0.03118	1.00000	0.00001	-0.00003	-0.00001	1.00000	0.00013	0.00003	-0.00013	1.00000	
1111	11.10000	1087.08641	3875.65285	210.62150	-0.32668	2.54731	-0.51170	1.46989	0.99897	-0.00918	-0.04439	0.00892	0.99994	-0.00610	0.04444	0.00570	0.99900		201.13900	101.25660	48.97987	0.01088	-0.00166	0.00367	0.01817	1.00000	0.00006	0.00003	-0.00006	1.00000	0.00019	-0.00003	-0.00019	1.00000	
1112	11.11000	1087.20863	3875.96248	210.73322	-0.32325	2.57254	-0.60823	1.50408	0.99894	-0.01087	-0.04482	0.01060	0.99993	-0.00612	0.04488	0.00564	0.99898		201.15210	101.26835	48.96605	0.01291	-0.00227	0.00475	0.02068	1.00000	0.00008	0.00004	-0.00008	1.00000	0.00023	-0.00004	-0.00023	1.00000	
1113	11.12000	1087.50023	3876.34762	210.99296	-0.16354	2.69720	-0.47846	1.34931	0.99886	-0.00848	-0.04703	0.00834	0.99996	-0.00325	0.04706	0.00285	0.99889		201.15859	101.24525	48.93433	0.00682	0.00360	0.00476	0.03234	1.00000	0.00008	-0.00006	-0.00008	1.00000	0.00012	0.00006	-0.00012	1.00000	
1114	11.13000	1088.13945	3876.78855	211.27559	-0.46039	3.08553	-0.19763	1.25792	0.99854	-0.00388	-0.05380	0.00344	0.99996	-0.00822	0.05383	0.00802	0.99852		201.14220	101.24180	48.93276	0.00462	0.00778	-0.00067	0.02027	1.00000	-0.00001	-0.00014	0.00001	1.00000	0.00008	0.00014	-0.00008	1.00000	
1115	11.14000	1088.42291	3877.25599	211.57557	-0.47326	2.93512	-0.21145	1.23870	0.99868	-0.00411	-0.05117	0.00369	0.99996	-0.00845	0.05121	0.00825	0.99865		201.14927	101.24345	48.95065	0.00053	0.00437	0.00346	0.02559	1.00000	0.00006	-0.00008	-0.00006	1.00000	0.00001	0.00008	-0.00001	1.00000	
