NO_OF_FRAMES	4779
NO_OF_CAMERAS	8
NO_OF_BODIES	2
FREQUENCY	100
NO_OF_ANALOG	0
ANALOG_FREQUENCY	0
DESCRIPTION	--
TIME_STAMP	2022-08-12, 14:04:07.296	1223060.67952570
DATA_INCLUDED	6D
BODY_NAMES	Drone	DroneElCapitan
BODY_FILTERS	No filter	No filter
TRANSLATION_ORIGIN	Global	Global	
ROTATION_ORIGIN	Global	Global	
Frame	Time	Drone X	Y	Z	Roll	Pitch	Yaw	Residual	Rot[0]	Rot[1]	Rot[2]	Rot[3]	Rot[4]	Rot[5]	Rot[6]	Rot[7]	Rot[8]		DroneElCapitan X	Y	Z	Roll	Pitch	Yaw	Residual	Rot[0]	Rot[1]	Rot[2]	Rot[3]	Rot[4]	Rot[5]	Rot[6]	Rot[7]	Rot[8]	
1	0.00000																		244.34001	137.04986	68.65488	-0.41419	-0.47520	167.53046	0.89824	-0.97638	0.21586	-0.00966	-0.21591	-0.97640	0.00527	-0.00829	0.00723	0.99994	
2	0.01000																		244.34528	137.04817	68.68566	-0.41452	-0.47904	167.52901	0.91268	-0.97637	0.21588	-0.00973	-0.21594	-0.97639	0.00526	-0.00836	0.00723	0.99994	
3	0.02000																		244.36192	137.04974	68.67530	-0.41349	-0.47786	167.52917	0.89314	-0.97637	0.21588	-0.00970	-0.21594	-0.97639	0.00525	-0.00834	0.00722	0.99994	
4	0.03000																		244.36050	137.06340	68.67201	-0.41141	-0.47672	167.52788	0.90375	-0.97637	0.21590	-0.00967	-0.21596	-0.97639	0.00521	-0.00832	0.00718	0.99994	
5	0.04000																		244.35712	137.04596	68.64770	-0.41118	-0.47438	167.52814	0.88141	-0.97637	0.21590	-0.00963	-0.21595	-0.97639	0.00522	-0.00828	0.00718	0.99994	
6	0.05000																		244.35151	137.06436	68.67408	-0.41379	-0.47691	167.53061	0.90318	-0.97638	0.21585	-0.00969	-0.21591	-0.97640	0.00525	-0.00832	0.00722	0.99994	
7	0.06000																		244.22606	136.99608	68.80449	-0.41350	-0.48299	167.53172	0.88469	-0.97638	0.21583	-0.00979	-0.21589	-0.97640	0.00523	-0.00843	0.00722	0.99994	
8	0.07000																		244.28622	137.00047	68.60333	-0.40480	-0.47982	167.53539	0.91856	-0.97640	0.21577	-0.00970	-0.21583	-0.97642	0.00509	-0.00837	0.00706	0.99994	
9	0.08000																		244.31663	136.94065	68.53719	-0.40265	-0.47606	167.53412	0.90385	-0.97639	0.21580	-0.00963	-0.21585	-0.97641	0.00507	-0.00831	0.00703	0.99994	
10	0.09000																		244.31918	136.96407	68.52500	-0.40270	-0.47916	167.53719	0.90459	-0.97640	0.21574	-0.00968	-0.21580	-0.97642	0.00506	-0.00836	0.00703	0.99994	
11	0.10000																		244.32668	137.00539	68.53521	-0.40773	-0.47700	167.53682	0.90020	-0.97640	0.21575	-0.00966	-0.21580	-0.97642	0.00515	-0.00833	0.00712	0.99994	
12	0.11000																		244.32726	137.05235	68.56150	-0.40759	-0.47660	167.53654	0.86905	-0.97640	0.21575	-0.00966	-0.21581	-0.97642	0.00515	-0.00832	0.00711	0.99994	
13	0.12000																		244.32296	137.03694	68.54463	-0.40748	-0.47921	167.53816	0.88011	-0.97641	0.21573	-0.00970	-0.21578	-0.97643	0.00514	-0.00836	0.00711	0.99994	
14	0.13000																		244.29072	136.98857	68.51393	-0.41309	-0.47701	167.53749	0.87398	-0.97640	0.21574	-0.00968	-0.21579	-0.97642	0.00524	-0.00833	0.00721	0.99994	
15	0.14000																		244.30395	136.94561	68.47810	-0.41401	-0.47321	167.53862	0.87234	-0.97641	0.21572	-0.00962	-0.21577	-0.97643	0.00527	-0.00826	0.00723	0.99994	
16	0.15000																		244.31913	136.97132	68.48932	-0.41036	-0.47676	167.53825	0.86755	-0.97641	0.21572	-0.00967	-0.21578	-0.97643	0.00520	-0.00832	0.00716	0.99994	
17	0.16000																		244.31328	136.97535	68.50076	-0.40576	-0.47657	167.53787	0.86654	-0.97641	0.21573	-0.00965	-0.21579	-0.97643	0.00512	-0.00832	0.00708	0.99994	
18	0.17000																		244.29764	137.01378	68.47949	-0.40882	-0.47258	167.53856	0.87288	-0.97641	0.21572	-0.00959	-0.21578	-0.97643	0.00519	-0.00825	0.00713	0.99994	
19	0.18000																		244.28956	137.02778	68.51107	-0.40906	-0.47507	167.53831	0.87350	-0.97641	0.21572	-0.00964	-0.21578	-0.97643	0.00518	-0.00829	0.00714	0.99994	
20	0.19000																		244.30602	137.01674	68.47589	-0.41518	-0.47194	167.53775	0.88709	-0.97641	0.21573	-0.00961	-0.21579	-0.97643	0.00530	-0.00824	0.00725	0.99994	
21	0.20000																		244.30662	136.98697	68.48008	-0.40818	-0.47331	167.54077	0.86793	-0.97642	0.21568	-0.00960	-0.21574	-0.97644	0.00517	-0.00826	0.00712	0.99994	
22	0.21000																		244.30057	137.02519	68.47228	-0.40369	-0.47755	167.53865	0.86312	-0.97641	0.21572	-0.00966	-0.21577	-0.97643	0.00508	-0.00833	0.00705	0.99994	
23	0.22000																		244.31303	136.98649	68.47036	-0.41017	-0.47285	167.53809	0.87852	-0.97641	0.21573	-0.00960	-0.21578	-0.97643	0.00521	-0.00825	0.00716	0.99994	
24	0.23000																		244.29265	136.98933	68.43783	-0.41126	-0.46935	167.54036	0.88159	-0.97642	0.21569	-0.00955	-0.21574	-0.97644	0.00524	-0.00819	0.00718	0.99994	
25	0.24000																		244.30877	136.96536	68.43529	-0.41201	-0.47237	167.54192	0.85393	-0.97642	0.21566	-0.00960	-0.21572	-0.97644	0.00524	-0.00824	0.00719	0.99994	
26	0.25000																		244.30646	136.98421	68.44412	-0.41173	-0.47183	167.54054	0.86554	-0.97642	0.21569	-0.00959	-0.21574	-0.97644	0.00524	-0.00823	0.00719	0.99994	
27	0.26000																		244.32741	136.93644	68.39166	-0.41306	-0.46755	167.54082	0.87052	-0.97642	0.21568	-0.00952	-0.21574	-0.97644	0.00528	-0.00816	0.00721	0.99994	
28	0.27000																		244.31679	136.94044	68.41862	-0.41214	-0.46775	167.54005	0.85895	-0.97641	0.21569	-0.00952	-0.21575	-0.97643	0.00526	-0.00816	0.00719	0.99994	
29	0.28000																		244.31331	136.97570	68.44816	-0.41353	-0.47067	167.54128	0.84235	-0.97642	0.21567	-0.00958	-0.21573	-0.97644	0.00528	-0.00821	0.00722	0.99994	
30	0.29000																		244.31313	136.99033	68.48201	-0.40884	-0.47305	167.54115	0.85716	-0.97642	0.21568	-0.00960	-0.21573	-0.97644	0.00519	-0.00826	0.00714	0.99994	
31	0.30000																		244.32129	137.00649	68.48162	-0.40796	-0.47053	167.53877	0.86199	-0.97641	0.21572	-0.00955	-0.21577	-0.97643	0.00518	-0.00821	0.00712	0.99994	
32	0.31000																		244.32032	136.96671	68.46582	-0.40941	-0.47476	167.54045	0.86186	-0.97642	0.21569	-0.00963	-0.21574	-0.97644	0.00519	-0.00829	0.00715	0.99994	
33	0.32000																		244.31791	136.93345	68.43055	-0.41080	-0.46979	167.54073	0.86757	-0.97642	0.21568	-0.00955	-0.21574	-0.97644	0.00523	-0.00820	0.00717	0.99994	
34	0.33000																		244.30396	136.86783	68.38715	-0.41245	-0.47003	167.54057	0.86978	-0.97642	0.21569	-0.00956	-0.21574	-0.97644	0.00526	-0.00820	0.00720	0.99994	
35	0.34000																		244.30941	136.91047	68.41037	-0.41237	-0.46681	167.54070	0.86554	-0.97642	0.21568	-0.00951	-0.21574	-0.97644	0.00527	-0.00815	0.00720	0.99994	
36	0.35000																		244.31254	136.97561	68.45085	-0.40790	-0.47620	167.54155	0.88135	-0.97642	0.21567	-0.00965	-0.21572	-0.97644	0.00516	-0.00831	0.00712	0.99994	
37	0.36000																		244.32602	136.95184	68.46211	-0.41018	-0.47197	167.53848	0.86883	-0.97641	0.21572	-0.00959	-0.21578	-0.97643	0.00521	-0.00824	0.00716	0.99994	
38	0.37000																		244.33983	136.95419	68.46148	-0.40779	-0.46731	167.53786	0.86612	-0.97641	0.21573	-0.00950	-0.21579	-0.97643	0.00519	-0.00816	0.00712	0.99994	
39	0.38000																		244.31847	136.93634	68.44500	-0.40862	-0.47371	167.54051	0.85667	-0.97642	0.21569	-0.00961	-0.21574	-0.97644	0.00518	-0.00827	0.00713	0.99994	
40	0.39000																		244.31377	136.90000	68.42353	-0.40908	-0.47408	167.54004	0.84220	-0.97641	0.21569	-0.00962	-0.21575	-0.97643	0.00519	-0.00827	0.00714	0.99994	
41	0.40000																		244.33154	136.92182	68.43968	-0.40842	-0.47080	167.54132	0.86266	-0.97642	0.21567	-0.00956	-0.21573	-0.97644	0.00519	-0.00822	0.00713	0.99994	
42	0.41000																		244.31669	136.91583	68.44642	-0.41303	-0.46836	167.53973	0.86879	-0.97641	0.21570	-0.00954	-0.21576	-0.97643	0.00528	-0.00817	0.00721	0.99994	
43	0.42000																		244.35612	136.92629	68.44852	-0.40923	-0.47150	167.54054	0.85500	-0.97642	0.21569	-0.00958	-0.21574	-0.97644	0.00520	-0.00823	0.00714	0.99994	
44	0.43000																		244.34539	136.92673	68.42387	-0.40821	-0.47268	167.54225	0.85788	-0.97642	0.21566	-0.00959	-0.21571	-0.97644	0.00518	-0.00825	0.00712	0.99994	
45	0.44000																		244.33349	136.88813	68.38761	-0.41146	-0.47085	167.53963	0.84833	-0.97641	0.21570	-0.00957	-0.21576	-0.97643	0.00524	-0.00822	0.00718	0.99994	
46	0.45000																		244.33765	136.88310	68.40507	-0.40937	-0.47201	167.54182	0.85333	-0.97642	0.21566	-0.00959	-0.21572	-0.97644	0.00520	-0.00824	0.00714	0.99994	
47	0.46000																		244.32444	136.91054	68.43035	-0.40724	-0.46801	167.53993	0.84547	-0.97641	0.21570	-0.00951	-0.21575	-0.97643	0.00518	-0.00817	0.00711	0.99994	
48	0.47000																		244.34138	136.97912	68.46899	-0.40751	-0.47140	167.53981	0.86431	-0.97641	0.21570	-0.00957	-0.21575	-0.97643	0.00517	-0.00823	0.00711	0.99994	
49	0.48000																		244.33896	137.00852	68.46851	-0.40834	-0.47398	167.53951	0.86539	-0.97641	0.21570	-0.00962	-0.21576	-0.97643	0.00517	-0.00827	0.00713	0.99994	
50	0.49000																		244.33470	136.93000	68.41728	-0.41203	-0.46826	167.54089	0.85190	-0.97642	0.21568	-0.00953	-0.21574	-0.97644	0.00526	-0.00817	0.00719	0.99994	
51	0.50000																		244.34373	136.89284	68.38104	-0.41088	-0.46684	167.54115	0.86177	-0.97642	0.21568	-0.00950	-0.21573	-0.97644	0.00524	-0.00815	0.00717	0.99994	
52	0.51000																		244.33685	136.88291	68.38325	-0.41028	-0.47091	167.54228	0.84893	-0.97642	0.21566	-0.00957	-0.21571	-0.97644	0.00522	-0.00822	0.00716	0.99994	
53	0.52000																		244.34247	136.86934	68.38527	-0.41126	-0.47065	167.54034	0.84057	-0.97642	0.21569	-0.00957	-0.21574	-0.97644	0.00524	-0.00821	0.00718	0.99994	
54	0.53000																		244.33921	136.91033	68.42394	-0.40986	-0.47237	167.53998	0.84796	-0.97641	0.21570	-0.00959	-0.21575	-0.97643	0.00521	-0.00824	0.00715	0.99994	
55	0.54000																		244.34208	136.95990	68.43587	-0.40675	-0.47807	167.54131	0.85679	-0.97642	0.21567	-0.00968	-0.21573	-0.97644	0.00513	-0.00834	0.00710	0.99994	
56	0.55000																		244.33369	136.95692	68.41239	-0.40909	-0.46700	167.54266	0.85935	-0.97642	0.21565	-0.00950	-0.21571	-0.97644	0.00521	-0.00815	0.00714	0.99994	
57	0.56000																		244.33820	136.88840	68.39617	-0.40993	-0.47137	167.54214	0.84599	-0.97642	0.21566	-0.00958	-0.21571	-0.97644	0.00521	-0.00823	0.00715	0.99994	
58	0.57000																		244.31941	136.89577	68.40063	-0.40916	-0.47110	167.54137	0.83984	-0.97642	0.21567	-0.00957	-0.21573	-0.97644	0.00520	-0.00822	0.00714	0.99994	
59	0.58000																		244.33859	136.91371	68.40221	-0.41284	-0.46711	167.54170	0.85994	-0.97642	0.21567	-0.00951	-0.21572	-0.97644	0.00528	-0.00815	0.00721	0.99994	
60	0.59000																		244.33498	136.92451	68.41192	-0.41600	-0.47073	167.54245	0.85494	-0.97642	0.21565	-0.00959	-0.21571	-0.97644	0.00532	-0.00822	0.00726	0.99994	
61	0.60000																		244.33517	136.98690	68.45475	-0.41021	-0.46960	167.53935	0.87137	-0.97641	0.21571	-0.00955	-0.21576	-0.97643	0.00522	-0.00820	0.00716	0.99994	
62	0.61000																		244.34180	136.94488	68.41741	-0.41201	-0.46675	167.53851	0.85742	-0.97641	0.21572	-0.00951	-0.21578	-0.97643	0.00526	-0.00815	0.00719	0.99994	
63	0.62000																		244.33419	136.86873	68.35087	-0.41257	-0.46870	167.54117	0.85193	-0.97642	0.21568	-0.00954	-0.21573	-0.97644	0.00527	-0.00818	0.00720	0.99994	
64	0.63000																		244.34689	136.83453	68.31425	-0.41125	-0.46635	167.54065	0.85958	-0.97642	0.21568	-0.00950	-0.21574	-0.97644	0.00525	-0.00814	0.00718	0.99994	
65	0.64000																		244.35044	136.88589	68.37455	-0.41096	-0.46772	167.54131	0.87467	-0.97642	0.21567	-0.00952	-0.21573	-0.97644	0.00524	-0.00816	0.00717	0.99994	
66	0.65000																		244.36731	136.95346	68.43928	-0.41379	-0.46868	167.54152	0.85954	-0.97642	0.21567	-0.00955	-0.21572	-0.97644	0.00529	-0.00818	0.00722	0.99994	
67	0.66000																		244.34398	136.97417	68.44044	-0.41080	-0.47303	167.54153	0.86296	-0.97642	0.21567	-0.00961	-0.21572	-0.97644	0.00522	-0.00826	0.00717	0.99994	
68	0.67000																		244.36159	136.96837	68.42633	-0.41110	-0.46543	167.54091	0.85517	-0.97642	0.21568	-0.00948	-0.21574	-0.97644	0.00525	-0.00812	0.00717	0.99994	
69	0.68000																		244.35404	136.88639	68.35173	-0.41096	-0.46659	167.54176	0.83526	-0.97642	0.21567	-0.00950	-0.21572	-0.97644	0.00525	-0.00814	0.00717	0.99994	
70	0.69000																		244.36948	136.83910	68.32810	-0.41253	-0.46765	167.54112	0.85774	-0.97642	0.21568	-0.00952	-0.21573	-0.97644	0.00527	-0.00816	0.00720	0.99994	
71	0.70000																		244.34654	136.90632	68.34071	-0.41503	-0.46334	167.54234	0.85506	-0.97642	0.21566	-0.00946	-0.21571	-0.97644	0.00533	-0.00809	0.00724	0.99994	
72	0.71000																		244.34170	136.96085	68.39835	-0.41466	-0.46480	167.54070	0.85401	-0.97642	0.21568	-0.00948	-0.21574	-0.97644	0.00532	-0.00811	0.00724	0.99994	
73	0.72000																		244.35468	136.95904	68.42668	-0.41177	-0.46768	167.54193	0.84757	-0.97642	0.21566	-0.00952	-0.21572	-0.97644	0.00526	-0.00816	0.00719	0.99994	
74	0.73000																		244.35615	136.96448	68.42115	-0.41102	-0.46616	167.54214	0.86137	-0.97642	0.21566	-0.00949	-0.21571	-0.97644	0.00525	-0.00814	0.00717	0.99994	
75	0.74000																		244.33989	136.93111	68.36542	-0.41417	-0.46488	167.54265	0.85516	-0.97642	0.21565	-0.00948	-0.21571	-0.97644	0.00531	-0.00811	0.00723	0.99994	
76	0.75000																		244.34212	136.85714	68.34797	-0.40833	-0.46942	167.54417	0.84560	-0.97643	0.21562	-0.00954	-0.21568	-0.97645	0.00519	-0.00819	0.00713	0.99994	
77	0.76000																		244.34760	136.87293	68.36684	-0.40903	-0.46769	167.54210	0.85544	-0.97642	0.21566	-0.00951	-0.21572	-0.97644	0.00521	-0.00816	0.00714	0.99994	
78	0.77000																		244.35217	136.92711	68.40809	-0.41317	-0.46692	167.54088	0.84474	-0.97642	0.21568	-0.00951	-0.21574	-0.97644	0.00528	-0.00815	0.00721	0.99994	
79	0.78000																		244.35615	136.95137	68.43090	-0.41228	-0.46754	167.54372	0.84463	-0.97643	0.21563	-0.00952	-0.21569	-0.97645	0.00527	-0.00816	0.00720	0.99994	
80	0.79000																		244.34869	136.92698	68.41646	-0.41339	-0.46712	167.54085	0.86060	-0.97642	0.21568	-0.00952	-0.21574	-0.97644	0.00529	-0.00815	0.00721	0.99994	
81	0.80000																		244.33930	136.89032	68.37124	-0.41112	-0.46878	167.54265	0.85833	-0.97642	0.21565	-0.00954	-0.21571	-0.97644	0.00524	-0.00818	0.00718	0.99994	
82	0.81000																		244.33595	136.83228	68.32027	-0.41371	-0.46539	167.54037	0.84894	-0.97642	0.21569	-0.00949	-0.21574	-0.97644	0.00530	-0.00812	0.00722	0.99994	
83	0.82000																		244.33292	136.86024	68.32857	-0.41118	-0.46822	167.54128	0.84478	-0.97642	0.21567	-0.00953	-0.21573	-0.97644	0.00524	-0.00817	0.00718	0.99994	
84	0.83000																		244.35296	136.94921	68.41094	-0.41361	-0.46956	167.54097	0.84474	-0.97642	0.21568	-0.00956	-0.21573	-0.97644	0.00528	-0.00820	0.00722	0.99994	
85	0.84000																		244.34635	137.01685	68.50560	-0.40897	-0.46926	167.54126	0.86193	-0.97642	0.21567	-0.00954	-0.21573	-0.97644	0.00520	-0.00819	0.00714	0.99994	
86	0.85000																		244.36171	136.97617	68.47515	-0.40847	-0.47483	167.54088	0.85804	-0.97642	0.21568	-0.00963	-0.21574	-0.97644	0.00517	-0.00829	0.00713	0.99994	
87	0.86000																		244.35640	136.94275	68.40869	-0.40785	-0.47226	167.54276	0.84969	-0.97642	0.21565	-0.00958	-0.21570	-0.97645	0.00517	-0.00824	0.00712	0.99994	
88	0.87000																		244.32161	136.85311	68.31618	-0.41172	-0.46823	167.54588	0.83076	-0.97644	0.21559	-0.00953	-0.21565	-0.97646	0.00525	-0.00817	0.00719	0.99994	
89	0.88000																		244.34539	136.83713	68.28755	-0.41529	-0.46366	167.54366	0.83069	-0.97643	0.21563	-0.00946	-0.21569	-0.97645	0.00533	-0.00809	0.00725	0.99994	
90	0.89000																		244.33559	136.89769	68.36820	-0.41126	-0.46737	167.54262	0.84032	-0.97642	0.21565	-0.00951	-0.21571	-0.97644	0.00525	-0.00816	0.00718	0.99994	
91	0.90000																		244.34910	136.95038	68.42004	-0.41023	-0.46510	167.54022	0.84046	-0.97642	0.21569	-0.00947	-0.21575	-0.97644	0.00524	-0.00812	0.00716	0.99994	
92	0.91000																		244.33410	136.93632	68.44594	-0.40836	-0.46742	167.54527	0.84540	-0.97643	0.21561	-0.00950	-0.21566	-0.97645	0.00520	-0.00816	0.00713	0.99994	
93	0.92000																		244.33477	136.94242	68.41090	-0.40994	-0.46851	167.54306	0.85216	-0.97643	0.21564	-0.00953	-0.21570	-0.97645	0.00522	-0.00818	0.00715	0.99994	
94	0.93000																		244.33948	136.90091	68.36071	-0.41319	-0.46657	167.54401	0.85113	-0.97643	0.21563	-0.00951	-0.21568	-0.97645	0.00529	-0.00814	0.00721	0.99994	
95	0.94000																		244.33410	136.91073	68.35583	-0.41200	-0.46657	167.54153	0.84206	-0.97642	0.21567	-0.00950	-0.21572	-0.97644	0.00526	-0.00814	0.00719	0.99994	
96	0.95000																		244.34449	136.92894	68.37974	-0.41394	-0.46727	167.54228	0.84593	-0.97642	0.21566	-0.00952	-0.21571	-0.97644	0.00530	-0.00816	0.00722	0.99994	
97	0.96000																		244.34387	136.95413	68.44119	-0.40807	-0.47413	167.54018	0.84732	-0.97641	0.21569	-0.00962	-0.21575	-0.97644	0.00517	-0.00828	0.00712	0.99994	
98	0.97000																		244.35560	136.94083	68.44190	-0.40675	-0.47092	167.54268	0.84855	-0.97642	0.21565	-0.00956	-0.21570	-0.97644	0.00516	-0.00822	0.00710	0.99994	
99	0.98000																		244.32555	136.88973	68.40636	-0.41045	-0.47061	167.54292	0.84004	-0.97642	0.21565	-0.00957	-0.21570	-0.97645	0.00522	-0.00821	0.00716	0.99994	
100	0.99000																		244.32869	136.85184	68.33810	-0.40780	-0.46614	167.54364	0.83517	-0.97643	0.21563	-0.00948	-0.21569	-0.97645	0.00520	-0.00814	0.00712	0.99994	
101	1.00000																		244.32394	136.83404	68.34477	-0.41144	-0.46683	167.54695	0.83422	-0.97644	0.21558	-0.00950	-0.21563	-0.97646	0.00526	-0.00815	0.00718	0.99994	
102	1.01000																		244.34280	136.92179	68.38544	-0.40851	-0.46955	167.54704	0.82924	-0.97644	0.21558	-0.00954	-0.21563	-0.97646	0.00519	-0.00820	0.00713	0.99994	
103	1.02000																		244.34661	137.00692	68.48486	-0.40905	-0.47495	167.54599	0.82658	-0.97644	0.21559	-0.00963	-0.21565	-0.97646	0.00518	-0.00829	0.00714	0.99994	
104	1.03000																		244.33469	137.00783	68.51590	-0.41014	-0.47670	167.54527	0.84701	-0.97643	0.21560	-0.00967	-0.21566	-0.97645	0.00520	-0.00832	0.00716	0.99994	
105	1.04000																		244.33806	136.93159	68.44422	-0.41235	-0.47272	167.54695	0.83659	-0.97644	0.21558	-0.00961	-0.21563	-0.97646	0.00525	-0.00825	0.00720	0.99994	
106	1.05000																		244.32434	136.88526	68.39078	-0.41046	-0.47621	167.54681	0.82702	-0.97644	0.21558	-0.00966	-0.21563	-0.97646	0.00520	-0.00831	0.00716	0.99994	
107	1.06000																		244.32846	136.89376	68.38181	-0.41350	-0.47532	167.54659	0.83564	-0.97644	0.21558	-0.00966	-0.21564	-0.97646	0.00526	-0.00830	0.00722	0.99994	
108	1.07000																		244.33869	136.92575	68.41346	-0.41133	-0.48060	167.54848	0.84897	-0.97644	0.21555	-0.00974	-0.21561	-0.97647	0.00520	-0.00839	0.00718	0.99994	
109	1.08000																		244.32904	136.92907	68.44306	-0.41369	-0.47427	167.54594	0.84457	-0.97644	0.21559	-0.00964	-0.21565	-0.97646	0.00527	-0.00828	0.00722	0.99994	
110	1.09000																		244.34144	136.95845	68.47039	-0.41102	-0.47947	167.54790	0.83235	-0.97644	0.21556	-0.00972	-0.21562	-0.97646	0.00520	-0.00837	0.00717	0.99994	
111	1.10000																		244.31388	136.96113	68.47709	-0.41476	-0.47854	167.54890	0.83558	-0.97645	0.21554	-0.00972	-0.21560	-0.97647	0.00527	-0.00835	0.00724	0.99994	
112	1.11000																		244.32190	136.94970	68.42869	-0.41195	-0.47563	167.55009	0.83799	-0.97645	0.21552	-0.00966	-0.21558	-0.97647	0.00523	-0.00830	0.00719	0.99994	
113	1.12000																		244.32587	136.92957	68.40717	-0.41542	-0.47259	167.54662	0.83482	-0.97644	0.21558	-0.00962	-0.21564	-0.97646	0.00530	-0.00825	0.00725	0.99994	
114	1.13000																		244.34249	136.92278	68.42171	-0.41249	-0.47391	167.54524	0.83620	-0.97643	0.21560	-0.00963	-0.21566	-0.97645	0.00525	-0.00827	0.00720	0.99994	
115	1.14000																		244.35440	136.93392	68.43710	-0.41001	-0.47489	167.54823	0.82480	-0.97644	0.21555	-0.00964	-0.21561	-0.97647	0.00520	-0.00829	0.00716	0.99994	
116	1.15000																		244.33138	136.97281	68.43132	-0.41167	-0.47588	167.54781	0.83952	-0.97644	0.21556	-0.00966	-0.21562	-0.97646	0.00523	-0.00831	0.00718	0.99994	
117	1.16000																		244.34018	136.94755	68.45224	-0.41146	-0.47475	167.54536	0.84150	-0.97643	0.21560	-0.00964	-0.21566	-0.97645	0.00523	-0.00829	0.00718	0.99994	
118	1.17000																		244.32814	136.90362	68.39655	-0.41249	-0.47396	167.54552	0.83868	-0.97643	0.21560	-0.00963	-0.21566	-0.97646	0.00525	-0.00827	0.00720	0.99994	
119	1.18000																		244.32989	136.89855	68.37696	-0.41288	-0.47361	167.54611	0.84317	-0.97644	0.21559	-0.00963	-0.21565	-0.97646	0.00525	-0.00827	0.00721	0.99994	
120	1.19000																		244.35983	136.90390	68.40598	-0.41268	-0.47572	167.54459	0.83708	-0.97643	0.21562	-0.00966	-0.21567	-0.97645	0.00524	-0.00830	0.00720	0.99994	
121	1.20000																		244.32979	136.94362	68.46710	-0.40833	-0.48053	167.54712	0.82525	-0.97644	0.21557	-0.00973	-0.21563	-0.97646	0.00515	-0.00839	0.00713	0.99994	
122	1.21000																		244.34672	136.96133	68.43269	-0.41236	-0.47498	167.54811	0.81888	-0.97644	0.21556	-0.00965	-0.21561	-0.97646	0.00524	-0.00829	0.00720	0.99994	
123	1.22000																		244.34430	136.98107	68.46575	-0.40848	-0.48031	167.54633	0.83777	-0.97644	0.21559	-0.00972	-0.21564	-0.97646	0.00515	-0.00838	0.00713	0.99994	
124	1.23000																		244.35093	136.90321	68.42669	-0.41420	-0.47697	167.54872	0.82583	-0.97645	0.21554	-0.00969	-0.21560	-0.97647	0.00526	-0.00832	0.00723	0.99994	
125	1.24000																		244.33870	136.89679	68.39378	-0.41300	-0.47419	167.54672	0.82118	-0.97644	0.21558	-0.00964	-0.21564	-0.97646	0.00525	-0.00828	0.00721	0.99994	
126	1.25000																		244.33363	136.89079	68.39819	-0.41512	-0.47377	167.54742	0.82656	-0.97644	0.21557	-0.00964	-0.21562	-0.97646	0.00529	-0.00827	0.00724	0.99994	
127	1.26000																		244.33868	136.92202	68.44676	-0.41024	-0.47556	167.54684	0.84561	-0.97644	0.21558	-0.00965	-0.21563	-0.97646	0.00520	-0.00830	0.00716	0.99994	
128	1.27000																		244.36439	136.92495	68.45741	-0.41217	-0.47659	167.54651	0.83727	-0.97644	0.21558	-0.00967	-0.21564	-0.97646	0.00523	-0.00832	0.00719	0.99994	
129	1.28000																		244.36358	136.93173	68.45407	-0.41111	-0.47534	167.54698	0.82644	-0.97644	0.21558	-0.00965	-0.21563	-0.97646	0.00522	-0.00830	0.00717	0.99994	
130	1.29000																		244.33372	136.93385	68.44753	-0.41267	-0.47600	167.54500	0.83998	-0.97643	0.21561	-0.00967	-0.21567	-0.97645	0.00524	-0.00831	0.00720	0.99994	
131	1.30000																		244.33646	136.89039	68.40352	-0.41534	-0.47268	167.54471	0.81940	-0.97643	0.21561	-0.00962	-0.21567	-0.97645	0.00530	-0.00825	0.00725	0.99994	
132	1.31000																		244.34806	136.93084	68.41083	-0.41378	-0.47279	167.54710	0.84522	-0.97644	0.21557	-0.00961	-0.21563	-0.97646	0.00527	-0.00825	0.00722	0.99994	
133	1.32000																		244.35184	136.93209	68.44553	-0.41174	-0.47620	167.54555	0.83054	-0.97643	0.21560	-0.00967	-0.21566	-0.97646	0.00522	-0.00831	0.00719	0.99994	
134	1.33000																		244.34323	136.98555	68.44017	-0.41343	-0.47177	167.54335	0.81983	-0.97643	0.21564	-0.00960	-0.21569	-0.97645	0.00527	-0.00823	0.00722	0.99994	
135	1.34000																		244.34806	136.94927	68.41707	-0.41469	-0.46559	167.54573	0.82677	-0.97644	0.21560	-0.00950	-0.21565	-0.97646	0.00531	-0.00813	0.00724	0.99994	
136	1.35000																		244.35014	136.90513	68.40692	-0.41630	-0.47044	167.54575	0.81544	-0.97644	0.21560	-0.00958	-0.21565	-0.97646	0.00532	-0.00821	0.00727	0.99994	
137	1.36000																		244.33323	136.91372	68.42429	-0.41357	-0.47046	167.54420	0.81336	-0.97643	0.21562	-0.00957	-0.21568	-0.97645	0.00528	-0.00821	0.00722	0.99994	
138	1.37000																		244.35215	136.93257	68.41723	-0.41538	-0.46978	167.54506	0.82403	-0.97643	0.21561	-0.00957	-0.21566	-0.97645	0.00531	-0.00820	0.00725	0.99994	
139	1.38000																		244.36351	136.94312	68.46252	-0.41454	-0.47305	167.54454	0.82122	-0.97643	0.21562	-0.00962	-0.21567	-0.97645	0.00528	-0.00826	0.00723	0.99994	
140	1.39000																		244.34149	136.97889	68.45660	-0.41597	-0.47204	167.54483	0.82802	-0.97643	0.21561	-0.00961	-0.21567	-0.97645	0.00531	-0.00824	0.00726	0.99994	
141	1.40000																		244.34658	136.91850	68.43738	-0.41605	-0.47112	167.54344	0.81914	-0.97643	0.21564	-0.00960	-0.21569	-0.97645	0.00532	-0.00822	0.00726	0.99994	
142	1.41000																		244.35775	136.92495	68.42957	-0.41593	-0.47422	167.54471	0.82679	-0.97643	0.21561	-0.00965	-0.21567	-0.97645	0.00530	-0.00828	0.00726	0.99994	
143	1.42000																		244.36549	136.93320	68.44421	-0.41253	-0.47136	167.54207	0.81853	-0.97642	0.21566	-0.00959	-0.21572	-0.97644	0.00526	-0.00823	0.00720	0.99994	
144	1.43000																		244.35046	136.92870	68.44569	-0.41238	-0.47234	167.54491	0.83190	-0.97643	0.21561	-0.00960	-0.21567	-0.97645	0.00525	-0.00824	0.00720	0.99994	
145	1.44000																		244.36183	136.97216	68.45432	-0.41401	-0.47248	167.54703	0.81532	-0.97644	0.21557	-0.00961	-0.21563	-0.97646	0.00528	-0.00825	0.00723	0.99994	
146	1.45000																		244.36815	136.95653	68.47695	-0.41301	-0.47288	167.54260	0.82267	-0.97642	0.21565	-0.00961	-0.21571	-0.97644	0.00526	-0.00825	0.00721	0.99994	
147	1.46000																		244.35573	136.91546	68.42929	-0.41243	-0.47894	167.54691	0.82804	-0.97644	0.21558	-0.00971	-0.21563	-0.97646	0.00523	-0.00836	0.00720	0.99994	
148	1.47000																		244.34838	136.85844	68.41622	-0.41333	-0.47386	167.54381	0.81198	-0.97643	0.21563	-0.00963	-0.21569	-0.97645	0.00526	-0.00827	0.00721	0.99994	
149	1.48000																		244.34222	136.95539	68.43482	-0.41319	-0.47139	167.54489	0.82576	-0.97643	0.21561	-0.00959	-0.21567	-0.97645	0.00527	-0.00823	0.00721	0.99994	
150	1.49000																		244.34346	136.99197	68.48564	-0.41444	-0.47524	167.54556	0.82787	-0.97643	0.21560	-0.00966	-0.21566	-0.97646	0.00527	-0.00829	0.00723	0.99994	
151	1.50000																		244.35413	136.96951	68.46810	-0.41489	-0.47115	167.54564	0.82325	-0.97644	0.21560	-0.00959	-0.21565	-0.97646	0.00530	-0.00822	0.00724	0.99994	
152	1.51000																		244.36495	136.95249	68.43202	-0.41261	-0.46993	167.54373	0.81353	-0.97643	0.21563	-0.00956	-0.21569	-0.97645	0.00526	-0.00820	0.00720	0.99994	
153	1.52000																		244.35433	136.91311	68.43872	-0.41563	-0.47268	167.54547	0.81905	-0.97643	0.21560	-0.00962	-0.21566	-0.97645	0.00530	-0.00825	0.00725	0.99994	
154	1.53000																		244.33037	136.88613	68.39948	-0.41654	-0.47248	167.54478	0.83407	-0.97643	0.21561	-0.00962	-0.21567	-0.97645	0.00532	-0.00825	0.00727	0.99994	
155	1.54000																		244.33481	136.92148	68.42965	-0.41432	-0.46854	167.54347	0.82307	-0.97643	0.21564	-0.00954	-0.21569	-0.97645	0.00530	-0.00818	0.00723	0.99994	
156	1.55000																		244.33835	136.98301	68.47072	-0.41491	-0.47032	167.54407	0.81146	-0.97643	0.21563	-0.00958	-0.21568	-0.97645	0.00530	-0.00821	0.00724	0.99994	
157	1.56000																		244.36242	136.97244	68.44157	-0.41718	-0.46905	167.54332	0.81958	-0.97643	0.21564	-0.00956	-0.21569	-0.97645	0.00534	-0.00819	0.00728	0.99994	
158	1.57000																		244.36074	136.97348	68.43958	-0.41446	-0.47243	167.54448	0.82711	-0.97643	0.21562	-0.00961	-0.21567	-0.97645	0.00528	-0.00825	0.00723	0.99994	
159	1.58000																		244.34644	136.93634	68.42009	-0.41291	-0.47237	167.54214	0.82314	-0.97642	0.21566	-0.00960	-0.21571	-0.97644	0.00526	-0.00824	0.00721	0.99994	
160	1.59000																		244.34373	136.92383	68.40639	-0.41549	-0.46970	167.54468	0.81192	-0.97643	0.21561	-0.00957	-0.21567	-0.97645	0.00531	-0.00820	0.00725	0.99994	
161	1.60000																		244.34851	136.94092	68.38829	-0.41759	-0.46609	167.54333	0.82244	-0.97643	0.21564	-0.00952	-0.21569	-0.97645	0.00536	-0.00813	0.00729	0.99994	
162	1.61000																		244.35155	136.97666	68.45625	-0.41617	-0.47381	167.54530	0.82318	-0.97643	0.21560	-0.00964	-0.21566	-0.97645	0.00531	-0.00827	0.00726	0.99994	
163	1.62000																		244.34690	136.98939	68.44691	-0.41476	-0.46805	167.54413	0.81332	-0.97643	0.21562	-0.00954	-0.21568	-0.97645	0.00531	-0.00817	0.00724	0.99994	
164	1.63000																		244.34731	136.94038	68.42907	-0.41380	-0.47167	167.54591	0.79557	-0.97644	0.21559	-0.00960	-0.21565	-0.97646	0.00528	-0.00823	0.00722	0.99994	
165	1.64000																		244.36023	136.94144	68.40451	-0.41705	-0.46798	167.54361	0.80659	-0.97643	0.21563	-0.00955	-0.21569	-0.97645	0.00535	-0.00817	0.00728	0.99994	
166	1.65000																		244.35631	136.96064	68.42138	-0.41269	-0.46964	167.54260	0.82326	-0.97642	0.21565	-0.00956	-0.21571	-0.97644	0.00527	-0.00820	0.00720	0.99994	
167	1.66000																		244.35121	136.94096	68.45760	-0.41566	-0.47200	167.54256	0.81042	-0.97642	0.21565	-0.00961	-0.21571	-0.97644	0.00531	-0.00824	0.00725	0.99994	
168	1.67000																		244.34988	136.97083	68.44554	-0.41809	-0.46706	167.54405	0.82526	-0.97643	0.21563	-0.00953	-0.21568	-0.97645	0.00537	-0.00815	0.00730	0.99994	
169	1.68000																		244.36445	136.97094	68.46388	-0.41345	-0.47211	167.54440	0.79958	-0.97643	0.21562	-0.00960	-0.21568	-0.97645	0.00527	-0.00824	0.00722	0.99994	
170	1.69000																		244.35263	136.92811	68.40631	-0.41752	-0.46890	167.54515	0.82369	-0.97643	0.21561	-0.00956	-0.21566	-0.97645	0.00535	-0.00818	0.00729	0.99994	
171	1.70000																		244.34762	136.91660	68.38764	-0.41608	-0.47140	167.54510	0.80672	-0.97643	0.21561	-0.00960	-0.21566	-0.97645	0.00532	-0.00823	0.00726	0.99994	
172	1.71000																		244.36700	136.94601	68.41642	-0.41735	-0.47086	167.54416	0.81652	-0.97643	0.21562	-0.00960	-0.21568	-0.97645	0.00534	-0.00822	0.00728	0.99994	
173	1.72000																		244.36546	136.96376	68.46462	-0.41420	-0.47346	167.54356	0.80981	-0.97643	0.21563	-0.00963	-0.21569	-0.97645	0.00528	-0.00826	0.00723	0.99994	
174	1.73000																		244.37848	136.96772	68.45094	-0.41463	-0.47155	167.54276	0.82030	-0.97642	0.21565	-0.00960	-0.21570	-0.97644	0.00529	-0.00823	0.00724	0.99994	
175	1.74000																		244.36483	136.97850	68.44708	-0.41697	-0.47271	167.54178	0.79472	-0.97642	0.21566	-0.00963	-0.21572	-0.97644	0.00533	-0.00825	0.00728	0.99994	
176	1.75000																		244.37380	136.95299	68.42801	-0.41509	-0.47187	167.54419	0.80896	-0.97643	0.21562	-0.00960	-0.21568	-0.97645	0.00530	-0.00824	0.00724	0.99994	
177	1.76000																		244.33096	136.91584	68.40618	-0.41392	-0.47229	167.54532	0.82271	-0.97643	0.21560	-0.00961	-0.21566	-0.97645	0.00528	-0.00824	0.00722	0.99994	
178	1.77000																		244.34917	136.90907	68.41907	-0.41424	-0.47304	167.54124	0.81215	-0.97642	0.21567	-0.00962	-0.21573	-0.97644	0.00528	-0.00826	0.00723	0.99994	
179	1.78000																		244.35637	136.99262	68.43437	-0.41366	-0.47181	167.54346	0.81433	-0.97643	0.21564	-0.00960	-0.21569	-0.97645	0.00527	-0.00823	0.00722	0.99994	
180	1.79000																		244.35195	136.98119	68.47857	-0.41568	-0.47285	167.54424	0.82024	-0.97643	0.21562	-0.00962	-0.21568	-0.97645	0.00530	-0.00825	0.00725	0.99994	
181	1.80000																		244.35298	136.97373	68.46380	-0.41200	-0.47691	167.54459	0.81296	-0.97643	0.21562	-0.00968	-0.21567	-0.97645	0.00523	-0.00832	0.00719	0.99994	
182	1.81000																		244.34977	136.94951	68.41438	-0.41470	-0.46971	167.54373	0.82186	-0.97643	0.21563	-0.00957	-0.21569	-0.97645	0.00530	-0.00820	0.00724	0.99994	
183	1.82000																		244.34799	136.92271	68.39376	-0.41351	-0.46877	167.54440	0.82330	-0.97643	0.21562	-0.00955	-0.21568	-0.97645	0.00528	-0.00818	0.00722	0.99994	
184	1.83000																		244.34257	136.92783	68.39529	-0.41435	-0.47646	167.54787	0.80300	-0.97644	0.21556	-0.00968	-0.21562	-0.97646	0.00527	-0.00832	0.00723	0.99994	
185	1.84000																		244.35303	136.97633	68.43018	-0.41519	-0.47245	167.54552	0.81610	-0.97643	0.21560	-0.00961	-0.21566	-0.97645	0.00530	-0.00825	0.00725	0.99994	
186	1.85000																		244.37120	137.02478	68.48007	-0.41351	-0.47307	167.54292	0.80621	-0.97642	0.21564	-0.00962	-0.21570	-0.97645	0.00527	-0.00826	0.00722	0.99994	
187	1.86000																		244.33599	136.97549	68.44460	-0.41258	-0.47359	167.54668	0.80396	-0.97644	0.21558	-0.00962	-0.21564	-0.97646	0.00525	-0.00827	0.00720	0.99994	
188	1.87000																		244.36902	136.94535	68.42329	-0.41728	-0.47005	167.54372	0.81725	-0.97643	0.21563	-0.00958	-0.21569	-0.97645	0.00534	-0.00820	0.00728	0.99994	
189	1.88000																		244.36337	136.90746	68.38379	-0.41979	-0.46990	167.54430	0.81033	-0.97643	0.21562	-0.00959	-0.21568	-0.97645	0.00539	-0.00820	0.00733	0.99994	
190	1.89000																		244.35534	136.92262	68.40967	-0.41498	-0.47047	167.54494	0.82097	-0.97643	0.21561	-0.00958	-0.21567	-0.97645	0.00530	-0.00821	0.00724	0.99994	
191	1.90000																		244.35405	136.94723	68.41528	-0.41668	-0.46938	167.54408	0.81068	-0.97643	0.21562	-0.00957	-0.21568	-0.97645	0.00533	-0.00819	0.00727	0.99994	
192	1.91000																		244.37407	137.03400	68.47251	-0.41074	-0.47036	167.54530	0.83173	-0.97643	0.21560	-0.00956	-0.21566	-0.97645	0.00523	-0.00821	0.00717	0.99994	
193	1.92000																		244.35504	136.99025	68.46344	-0.41534	-0.47508	167.54253	0.81107	-0.97642	0.21565	-0.00966	-0.21571	-0.97644	0.00529	-0.00829	0.00725	0.99994	
194	1.93000																		244.34408	136.92291	68.37997	-0.41866	-0.46781	167.54646	0.80173	-0.97644	0.21558	-0.00955	-0.21564	-0.97646	0.00537	-0.00816	0.00731	0.99994	
195	1.94000																		244.35074	136.91757	68.38836	-0.41762	-0.47263	167.54466	0.81462	-0.97643	0.21561	-0.00963	-0.21567	-0.97645	0.00534	-0.00825	0.00729	0.99994	
196	1.95000																		244.36290	136.97286	68.40908	-0.41630	-0.46991	167.54396	0.82299	-0.97643	0.21563	-0.00958	-0.21568	-0.97645	0.00533	-0.00820	0.00727	0.99994	
197	1.96000																		244.33401	136.98034	68.44140	-0.41318	-0.47253	167.54279	0.80973	-0.97642	0.21565	-0.00961	-0.21570	-0.97644	0.00526	-0.00825	0.00721	0.99994	
198	1.97000																		244.35886	137.03047	68.45017	-0.41331	-0.47288	167.54193	0.81611	-0.97642	0.21566	-0.00961	-0.21572	-0.97644	0.00526	-0.00825	0.00721	0.99994	
199	1.98000																		244.37719	136.99682	68.41634	-0.41283	-0.46629	167.54318	0.82024	-0.97643	0.21564	-0.00950	-0.21570	-0.97645	0.00528	-0.00814	0.00720	0.99994	
200	1.99000																		244.36277	136.94972	68.36349	-0.41636	-0.46165	167.54210	0.81883	-0.97642	0.21566	-0.00943	-0.21572	-0.97644	0.00536	-0.00806	0.00727	0.99994	
201	2.00000																		244.34693	136.89036	68.34529	-0.41474	-0.46181	167.54044	0.81837	-0.97642	0.21569	-0.00943	-0.21574	-0.97644	0.00533	-0.00806	0.00724	0.99994	
202	2.01000																		244.34493	136.87618	68.36405	-0.41297	-0.46516	167.53888	0.83041	-0.97641	0.21571	-0.00948	-0.21577	-0.97643	0.00529	-0.00812	0.00721	0.99994	
203	2.02000																		244.33919	136.93541	68.38922	-0.41340	-0.46681	167.53897	0.83838	-0.97641	0.21571	-0.00951	-0.21577	-0.97643	0.00529	-0.00815	0.00721	0.99994	
204	2.03000																		244.35965	136.94560	68.40840	-0.41460	-0.46564	167.53870	0.84211	-0.97641	0.21572	-0.00950	-0.21577	-0.97643	0.00531	-0.00813	0.00724	0.99994	
205	2.04000																		244.34128	136.99499	68.43748	-0.41743	-0.46716	167.54016	0.83541	-0.97642	0.21569	-0.00953	-0.21575	-0.97643	0.00535	-0.00815	0.00729	0.99994	
206	2.05000																		244.37141	136.93091	68.41050	-0.41355	-0.46635	167.53839	0.82824	-0.97641	0.21572	-0.00950	-0.21578	-0.97643	0.00529	-0.00814	0.00722	0.99994	
207	2.06000																		244.35160	136.91446	68.37426	-0.41236	-0.46653	167.53896	0.82491	-0.97641	0.21571	-0.00950	-0.21577	-0.97643	0.00527	-0.00814	0.00720	0.99994	
208	2.07000																		244.35315	136.94123	68.37236	-0.41689	-0.46178	167.54059	0.82649	-0.97642	0.21568	-0.00944	-0.21574	-0.97644	0.00537	-0.00806	0.00728	0.99994	
209	2.08000																		244.35763	136.94555	68.38732	-0.41415	-0.46445	167.53905	0.83199	-0.97641	0.21571	-0.00947	-0.21577	-0.97643	0.00531	-0.00811	0.00723	0.99994	
210	2.09000																		244.36706	136.92645	68.41168	-0.41029	-0.46770	167.53572	0.83179	-0.97640	0.21577	-0.00952	-0.21582	-0.97642	0.00523	-0.00816	0.00716	0.99994	
211	2.10000																		244.37534	136.96284	68.41320	-0.41148	-0.46672	167.53896	0.84549	-0.97641	0.21571	-0.00950	-0.21577	-0.97643	0.00525	-0.00815	0.00718	0.99994	
212	2.11000																		244.36970	136.94153	68.40597	-0.41495	-0.46401	167.54054	0.83259	-0.97642	0.21569	-0.00947	-0.21574	-0.97644	0.00532	-0.00810	0.00724	0.99994	
213	2.12000																		244.34670	136.91771	68.35480	-0.41575	-0.46448	167.54254	0.83650	-0.97642	0.21565	-0.00948	-0.21571	-0.97644	0.00534	-0.00811	0.00726	0.99994	
214	2.13000																		244.33134	136.89711	68.36024	-0.41579	-0.46518	167.53897	0.83120	-0.97641	0.21571	-0.00949	-0.21577	-0.97643	0.00533	-0.00812	0.00726	0.99994	
215	2.14000																		244.34993	136.91893	68.38548	-0.41536	-0.46444	167.54225	0.82959	-0.97642	0.21566	-0.00948	-0.21571	-0.97644	0.00533	-0.00811	0.00725	0.99994	
216	2.15000																		244.35662	136.92525	68.39109	-0.41477	-0.46337	167.54089	0.82469	-0.97642	0.21568	-0.00946	-0.21574	-0.97644	0.00532	-0.00809	0.00724	0.99994	
217	2.16000																		244.36461	136.96091	68.43870	-0.41362	-0.46641	167.54045	0.81866	-0.97642	0.21569	-0.00951	-0.21574	-0.97644	0.00529	-0.00814	0.00722	0.99994	
218	2.17000																		244.35406	136.93624	68.41480	-0.41082	-0.46813	167.53859	0.82818	-0.97641	0.21572	-0.00952	-0.21577	-0.97643	0.00524	-0.00817	0.00717	0.99994	
219	2.18000																		244.32949	136.93848	68.36957	-0.41338	-0.46373	167.54118	0.80950	-0.97642	0.21568	-0.00946	-0.21573	-0.97644	0.00530	-0.00809	0.00721	0.99994	
220	2.19000																		244.35596	136.91492	68.37360	-0.41305	-0.46295	167.54025	0.82343	-0.97642	0.21569	-0.00944	-0.21575	-0.97644	0.00530	-0.00808	0.00721	0.99994	
221	2.20000																		244.34490	136.89420	68.35966	-0.41437	-0.46315	167.53922	0.82824	-0.97641	0.21571	-0.00945	-0.21576	-0.97643	0.00532	-0.00808	0.00723	0.99994	
222	2.21000																		244.36420	136.94565	68.39294	-0.41419	-0.46308	167.53865	0.83225	-0.97641	0.21572	-0.00945	-0.21577	-0.97643	0.00531	-0.00808	0.00723	0.99994	
223	2.22000																		244.35117	136.96130	68.39091	-0.41432	-0.46349	167.54143	0.81923	-0.97642	0.21567	-0.00946	-0.21573	-0.97644	0.00532	-0.00809	0.00723	0.99994	
224	2.23000																		244.36509	136.93350	68.37401	-0.41407	-0.46588	167.53986	0.83006	-0.97641	0.21570	-0.00950	-0.21575	-0.97643	0.00530	-0.00813	0.00723	0.99994	
225	2.24000																		244.34754	136.92987	68.34919	-0.41672	-0.46329	167.54030	0.83125	-0.97642	0.21569	-0.00946	-0.21575	-0.97643	0.00536	-0.00809	0.00727	0.99994	
226	2.25000																		244.35832	136.89811	68.34651	-0.41647	-0.46027	167.53871	0.82522	-0.97641	0.21572	-0.00941	-0.21577	-0.97643	0.00536	-0.00803	0.00727	0.99994	
227	2.26000																		244.36891	136.92283	68.40467	-0.41269	-0.46946	167.53815	0.82790	-0.97641	0.21573	-0.00955	-0.21578	-0.97643	0.00526	-0.00819	0.00720	0.99994	
228	2.27000																		244.35986	136.95695	68.40378	-0.41485	-0.46275	167.54059	0.83665	-0.97642	0.21569	-0.00945	-0.21574	-0.97644	0.00533	-0.00808	0.00724	0.99994	
